name,color,price,preSalePrice,link,category,discountPercentage,productType
Crest Joggers,Black,38.0,,https://us.shop.gymshark.com/products/gymshark-crest-joggers-black-ss22,Men,,Joggers
"Arrival 5"" Shorts",Silhouette Grey,26.0,,https://us.shop.gymshark.com/products/gymshark-arrival-5-shorts-silhouette-grey-aw22,Men,,Shorts
Bold T-Shirt,Black,26.0,,https://us.shop.gymshark.com/products/gymshark-bold-t-shirt-black-aw21,Men,,T-shirt
Sport Shorts,Black,38.0,,https://us.shop.gymshark.com/products/gymshark-sport-shorts-black-aw22,Men,,Shorts
Essential T-Shirt,Black,20.8,26.0,https://us.shop.gymshark.com/products/gymshark-essential-ss-slim-tee-black-ss22,Men,20.0,T-shirt
Critical 2.0 Drop Arm Tank,White,22.4,28.0,https://us.shop.gymshark.com/products/gymshark-critical-drop-arm-tank-white-aw21,Men,20.000000000000004,Tank
"Arrival 5"" Shorts",Core Olive,26.0,,https://us.shop.gymshark.com/products/gymshark-arrival-5-shorts-core-olive-ss22,Men,,Shorts
Legacy Drop Arm Tank,Ecru Brown,24.0,,https://us.shop.gymshark.com/products/gymshark-legacy-drop-arm-tank-ecru-brown-ss23,Men,,Tank
"Arrival 5"" Shorts",Bright Fuchsia,26.0,,https://us.shop.gymshark.com/products/gymshark-arrival-5-shorts-bright-fuchsia-ss23,Men,,Shorts
Vital 1/4 Zip,Cherry Brown/Black,44.0,,https://us.shop.gymshark.com/products/gymshark-vital-light-1-4-zip-cherry-brown-black-aw22,Men,,Zip
Essential Oversized T-Shirt,Black,26.0,,https://us.shop.gymshark.com/products/gymshark-oversized-t-shirt-black-aw21,Men,,T-shirt
"Arrival 7"" Shorts",Ozone Blue,26.0,,https://us.shop.gymshark.com/products/gymshark-arrival-7-shorts-ozone-blue-ss23,Men,,Shorts
Crest Joggers,Truffle Brown,38.0,,https://us.shop.gymshark.com/products/gymshark-crest-joggers-truffle-brown-ss23,Men,,Joggers
Power Washed T-Shirt,Black,40.0,,https://us.shop.gymshark.com/products/gymshark-power-washed-t-shirt-black-aw22,Men,,T-shirt
Legacy Drop Arm Tank,Black,24.0,,https://us.shop.gymshark.com/products/gymshark-legacy-drop-arm-tank-black-ss23,Men,,Tank
Crest Shorts,Black,24.0,,https://us.shop.gymshark.com/products/gymshark-crest-shorts-black-ss22,Men,,Shorts
Crest Hoodie,Black,40.0,,https://us.shop.gymshark.com/products/gymshark-crest-hoodie-black-ss22,Men,,Hoodie
"Sport 5"" 2 In 1 Shorts",Onyx Grey/Black,42.0,,https://us.shop.gymshark.com/products/gymshark-sport-5-2-in-1-shorts-onyx-grey-black-print-ss23,Men,,Shorts
Crest Sweatshirt,Black,36.0,,https://us.shop.gymshark.com/products/gymshark-crest-sweatshirt-black-ss22,Men,,Sweatshirt
"Arrival 7"" Shorts",Silhouette Grey,26.0,,https://us.shop.gymshark.com/products/gymshark-arrival-7-shorts-silhouette-grey-aw22,Men,,Shorts
"Power Washed 5"" Shorts",Ecru Brown,42.0,,https://us.shop.gymshark.com/products/gymshark-power-washed-5-shorts-ecru-brown-ss23,Men,,Shorts
Arrival Marl T-Shirt,Silhouette Grey/Light Grey Marl,22.0,,https://us.shop.gymshark.com/products/gymshark-arrival-marl-t-shirt-silhouette-grey-light-grey-marl-aw22,Men,,T-shirt
Crest T-Shirt,Truffle Brown,22.0,,https://us.shop.gymshark.com/products/gymshark-crest-t-shirt-truffle-brown-ss23,Men,,T-shirt
Legacy Henley Top,Black,36.0,,https://us.shop.gymshark.com/products/gymshark-legacy-henley-top-black-ss23,Men,,Top
Legacy T-Shirt,White,26.0,,https://us.shop.gymshark.com/products/gymshark-legacy-t-shirt-white-ss23,Men,,T-shirt
Essential T-Shirt,White,20.8,26.0,https://us.shop.gymshark.com/products/gymshark-essential-ss-slim-tee-white-ss22,Men,20.0,T-shirt
Legacy T-Shirt,Light Grey Marl,26.0,,https://us.shop.gymshark.com/products/gymshark-legacy-t-shirt-light-grey-marl-ss23,Men,,T-shirt
Arrival Woven Joggers,Black,40.0,,https://us.shop.gymshark.com/products/gymshark-arrival-woven-joggers-black-ss22,Men,,Joggers
Power T-Shirt,Ecru Brown,36.0,,https://us.shop.gymshark.com/products/gymshark-power-t-shirt-ecru-brown-ss23,Men,,T-shirt
React Stringer,Tropic Green,24.0,,https://us.shop.gymshark.com/products/gymshark-react-stringer-tropic-green-ss23,Men,,Stringer
Legacy Hoodie,Ecru Brown,48.0,,https://us.shop.gymshark.com/products/gymshark-legacy-hoodie-ecru-brown-ss23,Men,,Hoodie
"Apex 7"" Hybrid Shorts",Black,46.0,,https://us.shop.gymshark.com/products/gymshark-apex-7-hybrid-shorts-black-ss23,Men,,Shorts
Essential Oversized T-Shirt,Denim Blue,26.0,,https://us.shop.gymshark.com/products/gymshark-essential-oversized-t-shirt-denim-blue-ss23,Men,,T-shirt
Essential Oversized T-Shirt,Truffle Brown,26.0,,https://us.shop.gymshark.com/products/gymshark-essential-oversized-t-shirt-truffle-brown-ss23,Men,,T-shirt
Power Washed Stringer,Black,26.0,,https://us.shop.gymshark.com/products/gymshark-power-washed-stringer-black-aw22,Men,,Stringer
Arrival Regular Fit T-Shirt,Black,22.0,,https://us.shop.gymshark.com/products/gymshark-arrival-regular-fit-t-shirt-black-ss22,Men,,T-shirt
Crest Long Sleeve T-Shirt,Light Grey Marl,26.0,,https://us.shop.gymshark.com/products/gymshark-crest-long-sleeve-t-shirt-light-grey-marl-aw22,Men,,T-shirt
Sport 1/4 Zip,Black,48.0,,https://us.shop.gymshark.com/products/gymshark-sport-1-4-zip-black-aw22,Men,,Zip
Medium Everyday Gym Bag,Sweet Pink,52.0,,https://us.shop.gymshark.com/products/gymshark-everyday-holdall-sweet-pink-aw22,Accessory,,Other
Sharkhead Cap,Shaded Lilac,26.0,,https://us.shop.gymshark.com/products/gymshark-sharkhead-cap-shaded-lilac-aw22-1,Accessory,,Other
Sharkhead Cross Body,Black,26.0,,https://us.shop.gymshark.com/products/gymshark-sharkhead-cross-body-black-aw22,Accessory,,Other
Arrival Tank,Fluo Mint,16.0,20.0,https://us.shop.gymshark.com/products/gymshark-arrival-tank-fluo-mint-ss23,Men,20.0,Tank
Logo 5 Panel Cap,River Stone Grey,22.4,28.0,https://us.shop.gymshark.com/products/gymshark-logo-5-panel-cap-river-stone-grey-ss23,Accessory,20.000000000000004,Other
"Crest 7"" Shorts",Iceberg Blue,24.0,,https://us.shop.gymshark.com/products/gymshark-crest-7-shorts-iceberg-blue-ss23,Men,,Shorts
Arrival Woven Joggers,Core Olive,40.0,,https://us.shop.gymshark.com/products/gymshark-arrival-woven-joggers-core-olive-ss23,Men,,Joggers
Power T-Shirt,Evening Blue,36.0,,https://us.shop.gymshark.com/products/gymshark-power-t-shirt-evening-blue-ss23,Men,,T-shirt
Power Zip Hoodie,Earthy Brown,56.0,,https://us.shop.gymshark.com/products/gymshark-power-zip-hoodie-earthy-brown-ss23,Men,,Hoodie
Power T-Shirt,Sunny Yellow,36.0,,https://us.shop.gymshark.com/products/gymshark-power-t-shirt-sunny-yellow-ss23,Men,,T-shirt
Power Zip Hoodie,Cosmic Grey,56.0,,https://us.shop.gymshark.com/products/gymshark-power-zip-hoodie-cosmic-grey-ss23,Men,,Hoodie
Power Washed Joggers,Ecru Brown,52.0,,https://us.shop.gymshark.com/products/gymshark-power-washed-joggers-ecru-brown-ss23,Men,,Joggers
Power Washed Crew,Ecru Brown,56.0,,https://us.shop.gymshark.com/products/gymshark-power-washed-crew-ecru-brown-ss23,Men,,Crew
"Power Washed 5"" Shorts",Cosmic Grey,42.0,,https://us.shop.gymshark.com/products/gymshark-power-washed-5-shorts-cosmic-grey-ss23,Men,,Shorts
"Power Washed 5"" Shorts",Sunny Yellow,42.0,,https://us.shop.gymshark.com/products/gymshark-power-washed-5-shorts-sunny-yellow-ss23,Men,,Shorts
Power Washed Stringer,Ecru Brown,26.0,,https://us.shop.gymshark.com/products/gymshark-power-washed-stringer-ecru-brown-ss23,Men,,Stringer
Power Washed Stringer,Evening Blue,26.0,,https://us.shop.gymshark.com/products/gymshark-power-washed-stringer-evening-blue-ss23,Men,,Stringer
Power Washed Stringer,Sunny Yellow,26.0,,https://us.shop.gymshark.com/products/gymshark-power-washed-stringer-sunny-yellow-ss23,Men,,Stringer
Power Washed T-Shirt,Ecru Brown,40.0,,https://us.shop.gymshark.com/products/gymshark-power-washed-t-shirt-ecru-brown-ss23,Men,,T-shirt
Power Washed T-Shirt,Evening Blue,40.0,,https://us.shop.gymshark.com/products/gymshark-power-washed-t-shirt-evening-blue-ss23,Men,,T-shirt
Power Washed T-Shirt,Sunny Yellow,40.0,,https://us.shop.gymshark.com/products/gymshark-power-washed-t-shirt-sunny-yellow-ss23,Men,,T-shirt
Sport Shorts,Onyx Grey,38.0,,https://us.shop.gymshark.com/products/gymshark-sport-shorts-onyx-grey-print-ss23,Men,,Shorts
Sport Shorts,Toasted Brown/Silhouette Grey,38.0,,https://us.shop.gymshark.com/products/gymshark-sport-shorts-toasted-brown-silhouette-grey-ss23,Men,,Shorts
Sport Shorts,Persimmon Red/Silhouette Grey,38.0,,https://us.shop.gymshark.com/products/gymshark-sport-shorts-persimmon-red-silhouette-grey-ss23,Men,,Shorts
Sport Shorts,Evening Blue/Drift Grey,38.0,,https://us.shop.gymshark.com/products/gymshark-sport-shorts-evening-blue-drift-grey-ss23,Men,,Shorts
"Sport 5"" 2 In 1 Shorts",Willow Green/Desert Sage Green,42.0,,https://us.shop.gymshark.com/products/gymshark-sport-5-2-in-1-shorts-willow-green-desert-sage-green-ss23,Men,,Shorts
"Sport 5"" 2 In 1 Shorts",Willow Green/Black,42.0,,https://us.shop.gymshark.com/products/gymshark-sport-5-2-in-1-shorts-willow-green-black-print-ss23,Men,,Shorts
Legacy Short Sleeve Cropped Hoodie,Black,38.0,,https://us.shop.gymshark.com/products/gymshark-legacy-short-sleeve-cropped-hoodie-black-ss23,Men,,Hoodie
Legacy Short Sleeve Cropped Hoodie,Light Grey Marl,38.0,,https://us.shop.gymshark.com/products/gymshark-legacy-short-sleeve-cropped-hoodie-light-grey-marl-ss23,Men,,Hoodie
Legacy Stringer,Black,24.0,,https://us.shop.gymshark.com/products/gymshark-legacy-stringer-black-ss23,Men,,Stringer
Legacy Stringer,Aqua Green,24.0,,https://us.shop.gymshark.com/products/gymshark-legacy-stringer-aqua-green-ss23,Men,,Stringer
Legacy Stringer,Ecru Brown,24.0,,https://us.shop.gymshark.com/products/gymshark-legacy-stringer-ecru-brown-ss23,Men,,Stringer
Legacy Stringer,Light Grey Marl,24.0,,https://us.shop.gymshark.com/products/gymshark-legacy-stringer-light-grey-marl-ss23,Men,,Stringer
Legacy Stringer,Aerospace Orange,24.0,,https://us.shop.gymshark.com/products/gymshark-legacy-stringer-aerospace-orange-ss23,Men,,Stringer
Legacy Stringer,Iceberg Blue,24.0,,https://us.shop.gymshark.com/products/gymshark-legacy-stringer-iceberg-blue-ss23,Men,,Stringer
Legacy Stringer,White,24.0,,https://us.shop.gymshark.com/products/gymshark-legacy-stringer-white-ss23,Men,,Stringer
Legacy Drop Arm Hoodie,Black,38.0,,https://us.shop.gymshark.com/products/gymshark-legacy-drop-arm-hoodie-black-ss23,Men,,Hoodie
Legacy Drop Arm Hoodie,Light Grey Marl,38.0,,https://us.shop.gymshark.com/products/gymshark-legacy-drop-arm-hoodie-light-grey-marl-ss23,Men,,Hoodie
"Apex 7"" Hybrid Shorts",Light Grey,46.0,,https://us.shop.gymshark.com/products/gymshark-apex-7-hybrid-shorts-light-grey-ss23,Men,,Shorts
"Apex 7"" Hybrid Shorts",Solstice Orange,46.0,,https://us.shop.gymshark.com/products/gymshark-apex-7-hybrid-shorts-solstice-orange-ss23,Men,,Shorts
"Apex 7"" Hybrid Shorts",Ink Teal,46.0,,https://us.shop.gymshark.com/products/gymshark-apex-7-hybrid-shorts-ink-teal-ss23,Men,,Shorts
"Apex 5"" Hybrid Shorts",Black,46.0,,https://us.shop.gymshark.com/products/gymshark-apex-5-hybrid-shorts-black-ss23,Men,,Shorts
"Apex 5"" Hybrid Shorts",Drift Grey,46.0,,https://us.shop.gymshark.com/products/gymshark-apex-5-hybrid-shorts-drift-grey-ss23,Men,,Shorts
"Apex 5"" Hybrid Shorts",Earthy Brown,46.0,,https://us.shop.gymshark.com/products/gymshark-apex-5-hybrid-shorts-earthy-brown-ss23,Men,,Shorts
"Apex 5"" Hybrid Shorts",Frost Teal,46.0,,https://us.shop.gymshark.com/products/gymshark-apex-5-hybrid-shorts-frost-teal-ss23,Men,,Shorts
Legacy Hoodie,Black,48.0,,https://us.shop.gymshark.com/products/gymshark-legacy-hoodie-black-ss23,Men,,Hoodie
Legacy Hoodie,Light Grey Marl,48.0,,https://us.shop.gymshark.com/products/gymshark-legacy-hoodie-light-grey-marl-ss23,Men,,Hoodie
Legacy Drop Arm Tank,Aqua Green,24.0,,https://us.shop.gymshark.com/products/gymshark-legacy-drop-arm-tank-aqua-green-ss23,Men,,Tank
Legacy Drop Arm Tank,Light Grey Marl,24.0,,https://us.shop.gymshark.com/products/gymshark-legacy-drop-arm-tank-light-grey-marl-ss23,Men,,Tank
Legacy Drop Arm Tank,Iceberg Blue,24.0,,https://us.shop.gymshark.com/products/gymshark-legacy-drop-arm-tank-iceberg-blue-ss23,Men,,Tank
Legacy Drop Arm Tank,Aerospace Orange,24.0,,https://us.shop.gymshark.com/products/gymshark-legacy-drop-arm-tank-aerospace-orange-ss23,Men,,Tank
Legacy T-Shirt,Aqua Green,26.0,,https://us.shop.gymshark.com/products/gymshark-legacy-t-shirt-aqua-green-ss23,Men,,T-shirt
Legacy T-Shirt,Aerospace Orange,26.0,,https://us.shop.gymshark.com/products/gymshark-legacy-t-shirt-aerospace-orange-ss23,Men,,T-shirt
Essential Oversized T-Shirt,Oxidized Green,26.0,,https://us.shop.gymshark.com/products/gymshark-essential-oversized-t-shirt-oxidized-green-ss23,Men,,T-shirt
Essential Oversized T-Shirt,Charcoal Grey Marl,26.0,,https://us.shop.gymshark.com/products/gymshark-essential-oversized-t-shirt-charcoal-grey-marl-ss23,Men,,T-shirt
Essential Oversized T-Shirt,Terracotta Pink,26.0,,https://us.shop.gymshark.com/products/gymshark-essential-oversized-t-shirt-terracotta-pink-ss23,Men,,T-shirt
Crest T-Shirt,Misty Pink,22.0,,https://us.shop.gymshark.com/products/gymshark-crest-t-shirt-misty-pink-ss23,Men,,T-shirt
Essential Oversized T-Shirt,Icy Blue,26.0,,https://us.shop.gymshark.com/products/gymshark-essential-oversized-t-shirt-icy-blue-ss23,Men,,T-shirt
Arrival T-Shirt,Core Olive,22.0,,https://us.shop.gymshark.com/products/gymshark-arrival-t-shirt-core-olive-ss23,Men,,T-shirt
Arrival Tank,Bright Fuchsia,20.0,,https://us.shop.gymshark.com/products/gymshark-arrival-tank-bright-fuchsia-ss23,Men,,Tank
Crest Sweatshirt,Misty Pink,36.0,,https://us.shop.gymshark.com/products/gymshark-crest-sweatshirt-misty-pink-ss23,Men,,Sweatshirt
Crest Hoodie,Misty Pink,40.0,,https://us.shop.gymshark.com/products/gymshark-crest-hoodie-misty-pink-ss23,Men,,Hoodie
Crest Hoodie,Desert Sage Green,40.0,,https://us.shop.gymshark.com/products/gymshark-crest-hoodie-desert-sage-green-ss23,Men,,Hoodie
Essential Oversized Joggers,Toasted Brown,44.0,,https://us.shop.gymshark.com/products/gymshark-essential-oversized-joggers-toasted-brown-ss23,Men,,Joggers
Essential Oversized Joggers,Denim Blue,44.0,,https://us.shop.gymshark.com/products/gymshark-essential-oversized-joggers-denim-blue-ss23,Men,,Joggers
Boxers 2 Pack,Light Grey Marl,24.0,,https://us.shop.gymshark.com/products/gymshark-boxers-2pk-light-grey-marl-ss23,Accessory,,Other
74oz Water Bottle,Pastel Green,18.0,,https://us.shop.gymshark.com/products/gymshark-2-2l-water-bottle-pastel-green-ss23,Accessory,,Other
14oz Shaker Bottle,Bright Fuchsia,12.0,,https://us.shop.gymshark.com/products/gymshark-400ml-shaker-bottle-bright-fuchsia-ss23,Accessory,,Other
Towel,Misty Pink,20.0,,https://us.shop.gymshark.com/products/gymshark-towel-misty-pink-ss23,Accessory,,Other
No Show Socks 3pk,Grey/Green/Green,12.0,,https://us.shop.gymshark.com/products/gymshark-no-show-socks-3pk-grey-green-green-ss23,Accessory,,Other
Sweat Towel,Dusty Maroon,16.0,,https://us.shop.gymshark.com/products/gymshark-sweat-towel-dusty-maroon-ss23,Accessory,,Other
Comfy Rest Day Socks,Hazy Pink,12.0,,https://us.shop.gymshark.com/products/gymshark-comfy-rest-day-socks-hazy-pink-ss23,Accessory,,Other
Scrunchies 3pk,Black/Maroon/Evening Blue,14.0,,https://us.shop.gymshark.com/products/gymshark-scrunchies-3pk-black-maroon-evening-blue-ss23,Accessory,,Other
Scrunchies 3pk,White/Blush Pink/Misty Pink,14.0,,https://us.shop.gymshark.com/products/gymshark-scrunchies-3pk-white-blush-pink-misty-pink-ss23,Accessory,,Other
Sharkhead Cap,Terracotta Pink,26.0,,https://us.shop.gymshark.com/products/gymshark-sharkhead-cap-terracotta-pink-ss23,Accessory,,Other
Bucket Hat,White,32.0,,https://us.shop.gymshark.com/products/gymshark-bucket-hat-white-ss23,Accessory,,Other
Bucket Hat,Firefly Green,32.0,,https://us.shop.gymshark.com/products/gymshark-bucket-hat-firefly-green-ss23,Accessory,,Other
Legacy Crew Socks 2pk,Iceberg Blue/White,24.0,,https://us.shop.gymshark.com/products/gymshark-legacy-crew-socks-2pk-iceberg-blue-white-ss23,Accessory,,Other
Legacy Crew Socks 2pk,White,24.0,,https://us.shop.gymshark.com/products/gymshark-legacy-crew-socks-2pk-white-ss23,Accessory,,Other
Bold Gym Bag,Dusty Olive,68.0,,https://us.shop.gymshark.com/products/gymshark-bold-holdall-dusty-olive-ss23,Accessory,,Other
Crew Socks 3pk,Green/Grey/Blue,16.0,,https://us.shop.gymshark.com/products/gymshark-crew-socks-3pk-green-grey-blue-ss23,Accessory,,Other
Ankle Socks 3pk,Blue/Jewel Green/Pebble Grey,14.0,,https://us.shop.gymshark.com/products/gymshark-trainer-socks-3pk-blue-jewel-green-pebble-grey-ss23,Accessory,,Other
X-Series 0.3 Backpack,Persimmon Red,64.0,,https://us.shop.gymshark.com/products/gymshark-xseries-0-3-backpack-persimmon-red-ss23,Accessory,,Other
X-Series Wash Bag,Persimmon Red,24.0,,https://us.shop.gymshark.com/products/gymshark-xseries-wash-bag-persimmon-red-ss23,Accessory,,Other
Legacy Cap,Iceberg Blue,26.0,,https://us.shop.gymshark.com/products/gymshark-legacy-cap-iceberg-blue-ss23,Accessory,,Other
Mesh Trucker,Black,30.0,,https://us.shop.gymshark.com/products/gymshark-mesh-trucker-black-ss23,Accessory,,Other
Premium Crew Sock 1pk,White/Black,12.0,,https://us.shop.gymshark.com/products/gymshark-premium-crew-sock-1pk-white-black-ss23,Accessory,,Other
Everyday Mini Holdall,Black,30.0,,https://us.shop.gymshark.com/products/gymshark-everyday-mini-holdall-black-ss23,Accessory,,Other
Everyday Mini Holdall,Dusty Maroon,30.0,,https://us.shop.gymshark.com/products/gymshark-everyday-mini-holdall-dusty-maroon-ss23,Accessory,,Other
Everyday Keychain,Black,14.0,,https://us.shop.gymshark.com/products/gymshark-everyday-keychain-black-ss23,Accessory,,Other
Large Everyday Gym Bag ,Black,62.0,,https://us.shop.gymshark.com/products/gymshark-large-everyday-holdall-black-ss23,Accessory,,Other
Large Everyday Gym Bag,Dusty Maroon,62.0,,https://us.shop.gymshark.com/products/gymshark-large-everyday-holdall-dusty-maroon-ss23,Accessory,,Other
Reversible Bucket Hat,Pebble Grey,30.0,,https://us.shop.gymshark.com/products/gymshark-reversible-bucket-hat-pebble-grey-ss23,Accessory,,Other
Reversible Bucket Hat,White/Orange/Peach,30.0,,https://us.shop.gymshark.com/products/gymshark-reversible-bucket-hat-white-orange-peach-ss23,Accessory,,Other
Handwriting Sock,Firefly Green/White,12.0,,https://us.shop.gymshark.com/products/gymshark-handwriting-sock-firefly-green-white-ss23,Accessory,,Other
33oz Water Bottle,Black,14.0,,https://us.shop.gymshark.com/products/gymshark-1l-water-bottle-black-ss23,Accessory,,Other
Insulated Straw Cup,River Stone Grey/Evening Blue,26.0,,https://us.shop.gymshark.com/products/gymshark-iced-coffee-mug-river-stone-grey-evening-blue-ss23,Accessory,,Other
Insulated Straw Cup,Misty Pink/Terracotta Pink,26.0,,https://us.shop.gymshark.com/products/gymshark-iced-coffee-mug-misty-pink-terracotta-pink-ss23,Accessory,,Other
Handwriting Baseball Cap,White/Firefly Green,26.0,,https://us.shop.gymshark.com/products/gymshark-handwriting-baseball-cap-white-firefly-green-ss23,Accessory,,Other
Small Everyday Gym Bag,Black,42.0,,https://us.shop.gymshark.com/products/gymshark-small-everyday-holdall-black-ss23,Accessory,,Other
Small Everyday Gym Bag,Scandi Pink,42.0,,https://us.shop.gymshark.com/products/gymshark-small-everyday-holdall-scandi-pink-ss23,Accessory,,Other
Small Everyday Gym Bag,Cement Brown,42.0,,https://us.shop.gymshark.com/products/gymshark-small-everyday-holdall-cement-brown-ss23,Accessory,,Other
Everyday Mini Backpack,Cement Brown,30.0,,https://us.shop.gymshark.com/products/gymshark-everyday-mini-backpack-cement-brown-ss23,Accessory,,Other
Barbell Pad,Black,20.0,,https://us.shop.gymshark.com/products/gymshark-barbell-pad-black-ss23,Accessory,,Other
Barbell Pad,Magenta Pink,20.0,,https://us.shop.gymshark.com/products/gymshark-barbell-pad-magenta-pink-ss23,Accessory,,Other
Everyday Wash Bag,Cement Brown,16.0,,https://us.shop.gymshark.com/products/gymshark-everyday-wash-bag-cement-brown-ss23,Accessory,,Other
Everyday Wash Bag,Black,16.0,,https://us.shop.gymshark.com/products/gymshark-everyday-wash-bag-black-ss23,Accessory,,Other
Everyday Wash Bag,Dusty Maroon,16.0,,https://us.shop.gymshark.com/products/gymshark-everyday-wash-bag-dusty-maroon-ss23,Accessory,,Other
Medium Everyday Holdall,Light Grey,52.0,,https://us.shop.gymshark.com/products/gymshark-medium-everyday-holdall-light-grey-ss23,Accessory,,Other
Sports Bottle,Flora Green/Desert Sage Green,20.0,,https://us.shop.gymshark.com/products/gymshark-sports-bottle-flora-green-desert-sage-green-ss23,Accessory,,Other
Sports Bottle,River Stone Grey/Drift Grey,20.0,,https://us.shop.gymshark.com/products/gymshark-sports-bottle-river-stone-grey-drift-grey-ss23,Accessory,,Other
Vibes Gilet,Black,70.0,,https://us.shop.gymshark.com/products/gymshark-vibes-gilet-black-aw22,Men,,Gilet
Vibes Gilet,Navy/Lakeside Blue,70.0,,https://us.shop.gymshark.com/products/gymshark-vibes-gilet-navy-lakeside-blue-aw22,Men,,Gilet
Element Baselayer Shorts,Silhouette Grey,26.0,,https://us.shop.gymshark.com/products/gymshark-element-baselayer-shorts-silhouette-grey-ss23,Men,,Shorts
Element Baselayer Leggings,Silhouette Grey,32.0,,https://us.shop.gymshark.com/products/gymshark-element-baselayer-leggings-silhouette-grey-ss23,Men,,Leggings
"Arrival 5"" Shorts",Firefly Green,26.0,,https://us.shop.gymshark.com/products/gymshark-arrival-5-shorts-firefly-green-ss23,Men,,Shorts
Arrival Tank,Iceberg Blue,20.0,,https://us.shop.gymshark.com/products/gymshark-arrival-tank-iceberg-blue-ss23,Men,,Tank
Vibes Joggers,Navy/Lakeside Blue,66.0,,https://us.shop.gymshark.com/products/gymshark-vibes-joggers-navy-lakeside-blue-ss23,Men,,Joggers
Vibes Fleece 1/4 Zip,Navy/Lakeside Blue,90.0,,https://us.shop.gymshark.com/products/gymshark-vibes-fleece-1-4-zip-navy-lakeside-blue-ss23,Men,,Zip
Vibes Shorts,Navy/Lakeside Blue,56.0,,https://us.shop.gymshark.com/products/gymshark-vibes-shorts-navy-lakeside-blue-ss23,Men,,Shorts
Arrival T-Shirt,Thunder Blue,22.0,,https://us.shop.gymshark.com/products/gymshark-arrival-t-shirt-thunder-blue-regular-ss23,Men,,T-shirt
Crew Socks 5pk,White,24.0,,https://us.shop.gymshark.com/products/gymshark-crew-socks-5pk-white-ss23,Accessory,,Other
Lifting Straps,Magenta Pink,16.0,,https://us.shop.gymshark.com/products/gymshark-lifting-straps-magenta-pink-aw22,Accessory,,Other
Wrist Straps,Magenta Pink,20.0,,https://us.shop.gymshark.com/products/gymshark-wrist-straps-magenta-pink-aw22,Accessory,,Other
Arrival Marl T-Shirt,Core Olive/Kalamata Olive Marl,22.0,,https://us.shop.gymshark.com/products/gymshark-arrival-marl-t-shirt-core-olive-kalamata-olive-marl-ss22,Men,,T-shirt
React Stringer,Aerospace Orange,24.0,,https://us.shop.gymshark.com/products/gymshark-react-stringer-aerospace-orange-ss23,Men,,Stringer
Legacy Rag Top,Black,38.0,,https://us.shop.gymshark.com/products/gymshark-legacy-rag-top-black-ss23,Men,,Top
Legacy T-Shirt,Iceberg Blue,26.0,,https://us.shop.gymshark.com/products/gymshark-legacy-t-shirt-iceberg-blue-ss23,Men,,T-shirt
Crest Hoodie,Truffle Brown,40.0,,https://us.shop.gymshark.com/products/gymshark-crest-hoodie-truffle-brown-ss23,Men,,Hoodie
Vibes T-Shirt,Bright Mint,36.0,,https://us.shop.gymshark.com/products/gymshark-vibes-t-shirt-bright-mint-ss23,Men,,T-shirt
Power Washed Short Sleeve Crew,Black,46.0,,https://us.shop.gymshark.com/products/gymshark-power-washed-short-sleeve-crew-black-ss23,Men,,Crew
Vibes Shorts,Black,56.0,,https://us.shop.gymshark.com/products/gymshark-vibes-shorts-black-ss23,Men,,Shorts
Apollo Oversized T-Shirt,Light Grey Marl,22.0,,https://us.shop.gymshark.com/products/gymshark-apollo-oversized-t-shirt-light-grey-marl-aw22,Men,,T-shirt
Crew Socks 5pk,Teal/Pink/Teal/Purple/Lilac,24.0,,https://us.shop.gymshark.com/products/gymshark-crew-socks-5pk-teal-pink-teal-purple-lilac-ss23,Accessory,,Other
Power Washed Short Sleeve Crew,Ecru Brown,46.0,,https://us.shop.gymshark.com/products/gymshark-power-washed-short-sleeve-crew-ecru-brown-ss23,Men,,Crew
Vibes Joggers,Pebble Grey/Black,66.0,,https://us.shop.gymshark.com/products/gymshark-vibes-joggers-pebble-grey-black-ss23,Men,,Joggers
Legacy Rag Top,Light Grey Marl,38.0,,https://us.shop.gymshark.com/products/gymshark-legacy-rag-top-light-grey-marl-ss23,Men,,Top
Arrival Marl Long Sleeve T-Shirt,Iceberg Blue/Icy Blue Marl,26.0,,https://us.shop.gymshark.com/products/gymshark-arrival-marl-long-sleeve-t-shirt-iceberg-blue-icy-blue-marl-ss23,Men,,T-shirt
Vibes Fleece 1/4 Zip,Black,90.0,,https://us.shop.gymshark.com/products/gymshark-vibes-fleece-1-4-zip-black-ss23,Men,,Zip
Apollo Oversized T-Shirt,Black,22.0,,https://us.shop.gymshark.com/products/gymshark-apollo-oversized-t-shirt-black-aw22,Men,,T-shirt
Legacy Lifting Gloves,Magenta Pink,22.0,,https://us.shop.gymshark.com/products/gymshark-legacy-lifting-gloves-magenta-pink-ss23,Accessory,,Other
Legacy T-Shirt,Black,26.0,,https://us.shop.gymshark.com/products/gymshark-legacy-t-shirt-black-ss23,Men,,T-shirt
Noah Ohlsen Sun Tank,White,30.0,,https://us.shop.gymshark.com/products/gymshark-noah-ohlsen-sun-tank-white-ss23,Men,,Tank
Apex Tank,Drift Grey/Evening Blue,42.0,,https://us.shop.gymshark.com/products/gymshark-apex-tank-drift-grey-evening-blue-ss23,Men,,Tank
Geo Seamless Long Sleeve T-Shirt,Atlantic Blue/Shark Blue,32.0,40.0,https://us.shop.gymshark.com/products/gymshark-geo-seamless-long-sleeve-t-shirt-atlantic-blue-shark-blue-aw22,Men,20.0,T-shirt
React Drop Arm Tank,White,24.0,,https://us.shop.gymshark.com/products/gymshark-react-drop-arm-tank-white-aw22,Men,,Tank
React Stringer,White,24.0,,https://us.shop.gymshark.com/products/gymshark-react-stringer-white-aw22,Men,,Stringer
Arrival Tank,Black,20.0,,https://us.shop.gymshark.com/products/gymshark-arrival-tank-black-ss22,Men,,Tank
Element Baselayer Shorts,Grey Print,26.0,,https://us.shop.gymshark.com/products/gymshark-element-baselayer-shorts-grey-print-ss22,Men,,Shorts
React Drop Arm Tank,Black,24.0,,https://us.shop.gymshark.com/products/gymshark-react-drop-arm-tank-black-aw22,Men,,Tank
React Stringer,Black,24.0,,https://us.shop.gymshark.com/products/gymshark-react-stringer-black-aw22,Men,,Stringer
React Stringer,Light Grey Core Marl,24.0,,https://us.shop.gymshark.com/products/gymshark-react-stringer-light-grey-core-marl-aw22,Men,,Stringer
React Stringer,Navy,24.0,,https://us.shop.gymshark.com/products/gymshark-react-stringer-navy-aw22,Men,,Stringer
Essential Oversized T-Shirt,White,26.0,,https://us.shop.gymshark.com/products/gymshark-oversized-t-shirt-white-aw21,Men,,T-shirt
Boxers 2pk,Black,20.0,,https://us.shop.gymshark.com/products/gymshark-boxers-2pk-black-aw21,Accessory,,Other
Bold Shorts,Onyx Grey,18.0,30.0,https://us.shop.gymshark.com/products/gymshark-bold-shorts-onyx-grey-ss22,Men,40.0,Shorts
Element Baselayer Leggings,Grey Print,22.4,32.0,https://us.shop.gymshark.com/products/gymshark-element-baselayer-leggings-grey-print-ss22,Men,30.000000000000004,Leggings
Critical 2.0 Stringer,Black,22.4,28.0,https://us.shop.gymshark.com/products/gymshark-critical-stringer-black-aw21,Men,20.000000000000004,Stringer
Heavy Glute Band,Black,16.0,20.0,https://us.shop.gymshark.com/products/gymshark-heavy-glute-band-black,Accessory,20.0,Other
Arrival Sleeveless T-Shirt,White,20.0,,https://us.shop.gymshark.com/products/gymshark-arrival-sleeveless-t-shirt-white-ss22,Men,,T-shirt
Element Baselayer Leggings,Black,32.0,,https://us.shop.gymshark.com/products/gymshark-element-baselayer-leggings-black-aw21,Men,,Leggings
Element Baselayer Leggings,White,32.0,,https://us.shop.gymshark.com/products/gymshark-element-baselayer-leggings-white-aw21,Men,,Leggings
No Show Socks 3pk,Black,12.0,,https://us.shop.gymshark.com/products/gymshark-no-show-socks-3pk-black-aw21,Accessory,,Other
Sport Seamless 1/4 Zip,Woodland Green/Hoya Green,41.6,52.0,https://us.shop.gymshark.com/products/gymshark-sport-seamless-1-4-zip-woodland-green-hoya-green-aw22,Men,20.0,Zip
Sport Seamless 1/4 Zip,Black/Silhouette Grey,41.6,52.0,https://us.shop.gymshark.com/products/gymshark-sport-seamless-1-4-zip-black-silhouette-grey-aw22,Men,20.0,Zip
Sport Seamless 1/4 Zip,Silhouette Grey/Black,41.6,52.0,https://us.shop.gymshark.com/products/gymshark-sport-seamless-1-4-zip-silhouette-grey-black-aw22,Men,20.0,Zip
Geo Seamless Long Sleeve T-Shirt,Pepper Red/Salsa Red,32.0,40.0,https://us.shop.gymshark.com/products/gymshark-geo-seamless-long-sleeve-t-shirt-pepper-red-salsa-red-aw22,Men,20.0,T-shirt
Critical Stringer,White,22.4,28.0,https://us.shop.gymshark.com/products/gymshark-critical-stringer-white-ss22,Men,20.000000000000004,Stringer
React Stringer,Slate Blue,24.0,,https://us.shop.gymshark.com/products/gymshark-react-stringer-slate-blue-aw22,Men,,Stringer
Arrival Marl T-Shirt,Black/Silhouette Grey Marl,22.0,,https://us.shop.gymshark.com/products/gymshark-arrival-marl-t-shirt-black-silhouette-grey-marl-aw22,Men,,T-shirt
Element Baselayer Shorts,Black,26.0,,https://us.shop.gymshark.com/products/gymshark-element-baselayer-shorts-black-aw21,Men,,Shorts
Crest T-Shirt,White,22.0,,https://us.shop.gymshark.com/products/gymshark-crest-t-shirt-white-aw21,Men,,T-shirt
Ankle Socks 3pk,White,14.0,,https://us.shop.gymshark.com/products/gymshark-trainer-socks-3pk-white-aw21,Accessory,,Other
Arrival Tank,Grey Print,16.0,20.0,https://us.shop.gymshark.com/products/gymshark-arrival-tank-grey-print-ss22,Men,20.0,Tank
Arrival Sleeveless T-Shirt,Light Grey Print,16.0,20.0,https://us.shop.gymshark.com/products/gymshark-arrival-sleeveless-t-shirt-light-grey-print-ss22,Men,20.0,T-shirt
Apollo Crew,Light Grey Marl,36.0,,https://us.shop.gymshark.com/products/gymshark-apollo-crew-light-grey-marl-logo-aw22,Men,,Crew
React Drop Arm Tank,Light Grey Core Marl,24.0,,https://us.shop.gymshark.com/products/gymshark-react-drop-arm-tank-light-grey-core-marl-aw22,Men,,Tank
Premium Sharkhead Crew Single,Black,12.0,,https://us.shop.gymshark.com/products/gymshark-premium-sharkhead-crew-single-black-aw22,Accessory,,Other
Arrival Slim Marl Tank,Silhouette Grey/Light Grey Marl,20.0,,https://us.shop.gymshark.com/products/gymshark-arrival-slim-marl-tank-silhouette-grey-light-grey-marl-aw22,Men,,Tank
Geo Seamless T-Shirt,White/Light Grey,34.0,,https://us.shop.gymshark.com/products/gymshark-geo-seamless-t-shirt-white-light-grey-ss22,Men,,T-shirt
Element Baselayer Shorts,White,26.0,,https://us.shop.gymshark.com/products/gymshark-element-baselayer-shorts-white-aw21,Men,,Shorts
Crest Joggers,Light Grey Marl,38.0,,https://us.shop.gymshark.com/products/gymshark-crest-joggers-light-grey-marl-aw22,Men,,Joggers
Arrival Tank,Core Olive,20.0,,https://us.shop.gymshark.com/products/gymshark-arrival-tank-core-olive-ss22,Men,,Tank
Arrival Sleeveless T-Shirt,Black,20.0,,https://us.shop.gymshark.com/products/gymshark-arrival-sleeveless-t-shirt-black-ss22,Men,,T-shirt
Critical 2.0 Tank,Light Grey Marl,16.8,28.0,https://us.shop.gymshark.com/products/gymshark-critical-tank-light-grey-marl-aw21,Men,40.0,Tank
Arrival Shorts,Grey Print,18.2,26.0,https://us.shop.gymshark.com/products/gymshark-arrival-7-shorts-grey-print-ss22,Men,30.000000000000004,Shorts
Geo Seamless Long Sleeve T-Shirt,Core Olive/Black,30.4,38.0,https://us.shop.gymshark.com/products/gymshark-geo-seamless-long-sleeve-t-shirt-core-olive-black-ss22,Men,20.000000000000004,T-shirt
Element Baselayer Shorts,Tuscan Teal,20.8,26.0,https://us.shop.gymshark.com/products/gymshark-element-baselayer-shorts-tuscan-teal-ss22,Men,20.0,Shorts
Critical 2.0 Tank,Black,22.4,28.0,https://us.shop.gymshark.com/products/gymshark-critical-tank-black-aw21,Men,20.000000000000004,Tank
Light Glute Band,Light Grey,16.0,20.0,https://us.shop.gymshark.com/products/gymshark-light-glute-band-light-grey,Accessory,20.0,Other
Power Stringer,Cherry Brown,26.0,,https://us.shop.gymshark.com/products/gymshark-power-stringer-cherry-brown-aw22,Men,,Stringer
React Drop Arm Tank,Navy,24.0,,https://us.shop.gymshark.com/products/gymshark-react-drop-arm-tank-navy-aw22,Men,,Tank
Sport Tank,Black/Black Marl,28.0,,https://us.shop.gymshark.com/products/gymshark-sport-tank-black-black-marl-aw22,Men,,Tank
Geo Seamless T-Shirt,Atlantic Blue/Shark Blue,34.0,,https://us.shop.gymshark.com/products/gymshark-geo-seamless-t-shirt-atlantic-blue-shark-blue-aw22,Men,,T-shirt
Crest Shorts,Navy,24.0,,https://us.shop.gymshark.com/products/gymshark-crest-shorts-navy-ss22,Men,,Shorts
Critical 2.0 Stringer,Light Grey Marl,16.8,28.0,https://us.shop.gymshark.com/products/gymshark-critical-stringer-light-grey-marl-aw21,Men,40.0,Stringer
Sport Seamless Long Sleeve T-Shirt,Winter Teal/Slate Blue,32.0,40.0,https://us.shop.gymshark.com/products/gymshark-sport-seamless-long-sleeve-t-shirt-winter-teal-slate-blue-aw22,Men,20.0,T-shirt
"Sport 5"" Shorts",Fluo Lime Print,30.4,38.0,https://us.shop.gymshark.com/products/gymshark-sport-5-shorts-fluo-lime-print-aw22,Men,20.000000000000004,Shorts
"Speed Evolve 5"" 2 In 1 Shorts",Cucumber Green,33.6,42.0,https://us.shop.gymshark.com/products/gymshark-speed-5-2-in-1-shorts-cucumber-green-ss22,Men,19.999999999999996,Shorts
Critical 2.0 Drop Arm Tank,Light Grey Marl,22.4,28.0,https://us.shop.gymshark.com/products/gymshark-critical-drop-arm-tank-light-grey-marl-aw21,Men,20.000000000000004,Tank
"Arrival 7"" Shorts",White,26.0,,https://us.shop.gymshark.com/products/gymshark-arrival-7-shorts-white-aw22,Men,,Shorts
"Arrival 5"" Shorts",Black,26.0,,https://us.shop.gymshark.com/products/gymshark-arrival-5-shorts-black-ss22,Men,,Shorts
Speed Evolve Tank,Moonstone Blue,18.0,30.0,https://us.shop.gymshark.com/products/gymshark-speed-tank-moonstone-blue-ss22,Men,40.0,Tank
Apex Technical Joggers,Court Blue,43.2,72.0,https://us.shop.gymshark.com/products/gymshark-apex-technical-joggers-court-blue-ss22,Men,40.0,Joggers
Sport Shorts,Fluo Lime,30.4,38.0,https://us.shop.gymshark.com/products/gymshark-sport-shorts-fluo-lime-aw22,Men,20.000000000000004,Shorts
Sport Shorts,Turmeric Yellow Print,38.0,,https://us.shop.gymshark.com/products/gymshark-sport-shorts-turmeric-yellow-print-aw22,Men,,Shorts
"Sport 5"" 2 In 1 Shorts",Slate Blue/Winter Teal,42.0,,https://us.shop.gymshark.com/products/gymshark-sport-5-2-in-1-shorts-slate-blue-winter-teal-aw22,Men,,Shorts
Apex T-Shirt,Black/Silhouette Grey,46.0,,https://us.shop.gymshark.com/products/gymshark-apex-t-shirt-black-silhouette-grey-aw22,Men,,T-shirt
Apex T-Shirt,Light Grey/White,46.0,,https://us.shop.gymshark.com/products/gymshark-apex-t-shirt-light-grey-white-aw22,Men,,T-shirt
Arrival Tank,White,20.0,,https://us.shop.gymshark.com/products/gymshark-arrival-tank-white-ss22,Men,,Tank
Crew Socks 3pk,Black,16.0,,https://us.shop.gymshark.com/products/gymshark-crew-socks-3pk-black-aw21,Accessory,,Other
"Speed Evolve 5"" Shorts",Cucumber Green,30.4,38.0,https://us.shop.gymshark.com/products/gymshark-speed-5-shorts-cucumber-green-ss22,Men,20.000000000000004,Shorts
"Sport 7"" 2 In 1 Shorts",Hoya Green,42.0,,https://us.shop.gymshark.com/products/gymshark-sport-7-2-in-1-shorts-hoya-green-aw22,Men,,Shorts
Apex Seamless Tank,White/Light Grey,42.0,,https://us.shop.gymshark.com/products/gymshark-apex-seamless-tank-white-light-grey-aw22,Men,,Tank
Essential Oversized Joggers,Atlantic Blue,44.0,,https://us.shop.gymshark.com/products/gymshark-essential-oversized-joggers-atlantic-blue-aw22,Men,,Joggers
Arrival Long Sleeve T-Shirt,Black/Silhouette Grey Marl,26.0,,https://us.shop.gymshark.com/products/gymshark-arrival-long-sleeve-t-shirt-black-silhouette-grey-marl-aw22,Men,,T-shirt
Arrival Slim Marl Tank,Black/Silhouette Grey Marl,20.0,,https://us.shop.gymshark.com/products/gymshark-arrival-slim-marl-tank-black-silhouette-grey-marl-aw22,Men,,Tank
Geo Seamless T-Shirt,Core Olive/Black,34.0,,https://us.shop.gymshark.com/products/gymshark-geo-seamless-t-shirt-core-olive-black-ss22,Men,,T-shirt
"Arrival 5"" Shorts",White,26.0,,https://us.shop.gymshark.com/products/gymshark-arrival-5-shorts-white-ss22,Men,,Shorts
Arrival Woven Joggers,Navy,40.0,,https://us.shop.gymshark.com/products/gymshark-arrival-woven-joggers-navy-ss22,Men,,Joggers
Sport Seamless Long Sleeve T-Shirt,Black/Silhouette Grey,32.0,40.0,https://us.shop.gymshark.com/products/gymshark-sport-seamless-long-sleeve-t-shirt-black-silhouette-grey-aw22,Men,20.0,T-shirt
X-Series Duffle Bag,Black,68.8,86.0,https://us.shop.gymshark.com/products/gymshark-x-series-duffle-bag-black-aw21,Accessory,20.000000000000004,Other
"Sport 5"" Shorts",Turmeric Yellow Print,38.0,,https://us.shop.gymshark.com/products/gymshark-sport-5-shorts-turmeric-yellow-print-aw22,Men,,Shorts
Sport Seamless 1/4 Zip,Baked Maroon/Rosewood Red,52.0,,https://us.shop.gymshark.com/products/gymshark-sport-seamless-1-4-zip-baked-maroon-rosewood-red-aw22,Men,,Zip
Sport 1/4 Zip,Baked Maroon,48.0,,https://us.shop.gymshark.com/products/gymshark-sport-1-4-zip-baked-maroon-aw22,Men,,Zip
React Tank,White,24.0,,https://us.shop.gymshark.com/products/gymshark-react-tank-white-aw22,Men,,Tank
Sport Tank,White/Smokey Grey Marl,28.0,,https://us.shop.gymshark.com/products/gymshark-sport-tank-white-smokey-grey-marl-aw22,Men,,Tank
Comfy Rest Day Socks,Navy,12.0,,https://us.shop.gymshark.com/products/gymshark-comfy-rest-day-socks-navy-aw22,Accessory,,Other
Studio Joggers,Onyx Grey,48.0,,https://us.shop.gymshark.com/products/gymshark-studio-joggers-onyx-grey-ss22,Men,,Joggers
Bold Stringer,Black,24.0,,https://us.shop.gymshark.com/products/gymshark-bold-stringer-black-aw21,Men,,Stringer
React Stringer,Aloe Green,24.0,,https://us.shop.gymshark.com/products/gymshark-react-stringer-aloe-green-aw22,Men,,Stringer
Sport T-Shirt,Turmeric Yellow Print,32.0,,https://us.shop.gymshark.com/products/gymshark-sport-t-shirt-turmeric-yellow-print-aw22,Men,,T-shirt
Hybrid Woven Joggers,Silhouette Grey,60.0,,https://us.shop.gymshark.com/products/gymshark-hybrid-woven-joggers-silhouette-grey-aw22,Men,,Joggers
React Tank,Light Grey Core Marl,24.0,,https://us.shop.gymshark.com/products/gymshark-react-tank-light-grey-core-marl-aw22,Men,,Tank
"Sport 7"" 2 In 1 Shorts",Silhouette Grey/Black,42.0,,https://us.shop.gymshark.com/products/gymshark-sport-7-2-in-1-shorts-silhouette-grey-black-aw22,Men,,Shorts
Arrival Tank,Navy,20.0,,https://us.shop.gymshark.com/products/gymshark-arrival-tank-navy-gsaw21,Men,,Tank
Geo Seamless T-Shirt,Aloe Green/Tea Green,27.2,34.0,https://us.shop.gymshark.com/products/gymshark-geo-seamless-t-shirt-aloe-green-tea-green-aw22,Men,20.0,T-shirt
Geo Seamless T-Shirt,Pepper Red/Salsa Red,27.2,34.0,https://us.shop.gymshark.com/products/gymshark-geo-seamless-t-shirt-pepper-red-salsa-red-aw22,Men,20.0,T-shirt
Sharkhead Gymsack,Coastal Blue,18.0,20.0,https://us.shop.gymshark.com/products/gymshark-sharkhead-gymsack-costal-blue-aw22,Accessory,10.0,Other
Power T-Shirt,Aloe Green,36.0,,https://us.shop.gymshark.com/products/gymshark-power-t-shirt-aloe-green-aw22,Men,,T-shirt
React Drop Arm Tank,Cayenne Red,24.0,,https://us.shop.gymshark.com/products/gymshark-react-drop-arm-tank-cayenne-red-aw22,Men,,Tank
React Tank,Black,24.0,,https://us.shop.gymshark.com/products/gymshark-react-tank-black-aw22,Men,,Tank
Apex Long Sleeve T-Shirt,Black/Silhouette Grey,52.0,,https://us.shop.gymshark.com/products/gymshark-apex-long-sleeve-t-shirt-black-silhouette-grey-aw22,Men,,T-shirt
Arrival Shorts,Core Olive,26.0,,https://us.shop.gymshark.com/products/gymshark-arrival-7-shorts-core-olive-ss22,Men,,Shorts
Crest Joggers,Navy,38.0,,https://us.shop.gymshark.com/products/gymshark-crest-joggers-navy-ss22,Men,,Joggers
Sport Stripe Tank,Firefly Green,11.2,28.0,https://us.shop.gymshark.com/products/gymshark-sport-tank-firefly-green-ss22,Men,60.0,Tank
Arrival T-Shirt,Light Grey Camo,15.4,22.0,https://us.shop.gymshark.com/products/gymshark-arrival-t-shirt-light-grey-camo-ss22,Men,30.0,T-shirt
Sport Tank,Slate Blue/Black Marl,22.4,28.0,https://us.shop.gymshark.com/products/gymshark-sport-tank-slate-blue-black-marl-aw22,Men,20.000000000000004,Tank
Sharkhead Hairband 3pk,Black,9.6,12.0,https://us.shop.gymshark.com/products/gymshark-sharkhead-hairband-3pk-black-aw22,Accessory,20.000000000000004,Other
Power Stringer,Black,26.0,,https://us.shop.gymshark.com/products/gymshark-power-stringer-black-aw22,Men,,Stringer
Hybrid Woven Joggers,Atlantic Blue,60.0,,https://us.shop.gymshark.com/products/gymshark-hybrid-woven-joggers-atlantic-blue-aw22,Men,,Joggers
"Sport 5"" Shorts",Winter Teal/Slate Blue,38.0,,https://us.shop.gymshark.com/products/gymshark-sport-5-shorts-winter-teal-slate-blue-aw22,Men,,Shorts
Apex Seamless Tank,Black/Silhouette Grey,42.0,,https://us.shop.gymshark.com/products/gymshark-apex-seamless-tank-black-silhouette-grey-aw22,Men,,Tank
Crest Sweatshirt,Light Grey Marl,36.0,,https://us.shop.gymshark.com/products/gymshark-crest-sweatshirt-light-grey-marl-aw22,Men,,Sweatshirt
Crest T-Shirt,Light Grey Marl,22.0,,https://us.shop.gymshark.com/products/gymshark-crest-t-shirt-light-grey-marl-aw22,Men,,T-shirt
Arrival Regular Fit T-Shirt,White,22.0,,https://us.shop.gymshark.com/products/gymshark-arrival-regular-fit-t-shirt-white-ss22,Men,,T-shirt
"Arrival 5"" Shorts",Navy,26.0,,https://us.shop.gymshark.com/products/gymshark-arrival-5-shorts-navy-ss22,Men,,Shorts
Studio Mat,Black,54.4,68.0,https://us.shop.gymshark.com/products/gymshark-studio-mat-black,Accessory,20.0,Other
Legacy Long Sleeve T-Shirt,Black,34.0,,https://us.shop.gymshark.com/products/gymshark-legacy-long-sleeve-t-shirt-black-aw22,Men,,T-shirt
Sport T-Shirt,Fluo Lime Print,32.0,,https://us.shop.gymshark.com/products/gymshark-sport-t-shirt-fluo-lime-print-aw22,Men,,T-shirt
Sharkhead Gymsack,Black,20.0,,https://us.shop.gymshark.com/products/gymshark-sharkhead-gymsack-black-aw22,Accessory,,Other
Studio Joggers,Core Olive,48.0,,https://us.shop.gymshark.com/products/gymshark-studio-joggers-core-olive-ss22,Men,,Joggers
315 T-Shirt,Black,25.2,36.0,https://us.shop.gymshark.com/products/gymshark-form-t-shirt-black-ss22,Men,30.000000000000004,T-shirt
Sport Windbreaker,Fluo Lime,48.0,60.0,https://us.shop.gymshark.com/products/gymshark-sport-windbreaker-fluo-lime-aw22,Men,20.0,Windbreaker
Sport Shorts,Silhouette Grey/Black,38.0,,https://us.shop.gymshark.com/products/gymshark-sport-shorts-silhouette-grey-black-aw22,Men,,Shorts
Arrival Long Sleeve T-Shirt,Silhouette Grey/Light Grey Marl,26.0,,https://us.shop.gymshark.com/products/gymshark-arrival-long-sleeve-t-shirt-silhouette-grey-light-grey-marl-aw22,Men,,T-shirt
Crest Hoodie,Light Grey Marl,40.0,,https://us.shop.gymshark.com/products/gymshark-crest-hoodie-light-grey-marl-aw22,Men,,Hoodie
Crest Shorts,Light Grey Marl,24.0,,https://us.shop.gymshark.com/products/gymshark-crest-shorts-light-grey-marl-aw22,Men,,Shorts
Geo Seamless Long Sleeve T-Shirt,Black/Charcoal Grey,38.0,,https://us.shop.gymshark.com/products/gymshark-geo-seamless-long-sleeve-t-shirt-black-charcoal-grey-ss22,Men,,T-shirt
Jacquard Quarter Socks 3pk,Black,16.0,,https://us.shop.gymshark.com/products/gymshark-jacquard-quarter-socks-black-aw21,Accessory,,Other
Sport Stripe Tank,Bali Green,8.4,28.0,https://us.shop.gymshark.com/products/gymshark-sport-tank-bali-green-ss22,Men,70.0,Tank
Speed Evolve Tank,Cucumber Green,18.0,30.0,https://us.shop.gymshark.com/products/gymshark-speed-tank-cucumber-green-ss22,Men,40.0,Tank
Apex T-Shirt,Woodland Green/Hoya Green,36.8,46.0,https://us.shop.gymshark.com/products/gymshark-apex-t-shirt-woodland-green-hoya-green-aw22,Men,20.000000000000007,T-shirt
Sport Windbreaker,Turmeric Yellow,60.0,,https://us.shop.gymshark.com/products/gymshark-sport-windbreaker-turmeric-yellow-aw22,Men,,Windbreaker
Rest Day Knit Joggers,Navy,60.0,,https://us.shop.gymshark.com/products/gymshark-rest-day-knit-joggers-navy-aw22,Men,,Joggers
Apex Seamless Long Sleeve T-Shirt,Black/Silhouette Grey,50.0,,https://us.shop.gymshark.com/products/gymshark-apex-seamless-long-sleeve-t-shirt-black-silhouette-grey-aw22,Men,,T-shirt
Geo Seamless T-Shirt,Black/Charcoal Grey,34.0,,https://us.shop.gymshark.com/products/gymshark-geo-seamless-t-shirt-black-charcoal-grey-ss22,Men,,T-shirt
Arrival Shorts,Black,26.0,,https://us.shop.gymshark.com/products/gymshark-arrival-7-shorts-black-ss22,Men,,Shorts
Sport Seamless T-Shirt,Black/Silhouette Grey,30.4,38.0,https://us.shop.gymshark.com/products/gymshark-sport-seamless-t-shirt-black-silhouette-grey-aw22,Men,20.000000000000004,T-shirt
"Sport 5"" 2 In 1 Shorts",Black/Silhouette Grey,42.0,,https://us.shop.gymshark.com/products/gymshark-sport-5-2-in-1-shorts-black-silhouette-grey-aw22,Men,,Shorts
"Sport 5"" 2 In 1 Shorts",Silhouette Grey/Black,42.0,,https://us.shop.gymshark.com/products/gymshark-sport-5-2-in-1-shorts-silhouette-grey-black-aw22,Men,,Shorts
315 Seamless 1/2 Shorts,Black/Charcoal Grey,36.0,,https://us.shop.gymshark.com/products/gymshark-315-seamless-1-2-shorts-black-charcoal-grey-ss22,Men,,Shorts
Arrival Woven Joggers,Charcoal Grey,40.0,,https://us.shop.gymshark.com/products/gymshark-arrival-woven-joggers-charcoal-grey-ss22,Men,,Joggers
Ankle Socks 3pk,Black,14.0,,https://us.shop.gymshark.com/products/gymshark-trainer-socks-3pk-black-aw21,Accessory,,Other
Seamless Docker Beanie,Charcoal Grey Marl,18.0,30.0,https://us.shop.gymshark.com/products/gymshark-seamless-docker-beanie-charcoal-grey-marl-ss22,Accessory,40.0,Other
Arrival Sleeveless T-Shirt,Papaya Orange,14.0,20.0,https://us.shop.gymshark.com/products/gymshark-arrival-sleeveless-t-shirt-papaya-orange-ss22,Men,30.0,T-shirt
Ankle Performance Socks,Black,11.2,14.0,https://us.shop.gymshark.com/products/gymshark-ankle-performance-socks-black,Accessory,20.000000000000004,Other
"Sport 3"" Shorts",Turmeric Yellow,38.0,,https://us.shop.gymshark.com/products/gymshark-sport-3-shorts-turmeric-yellow-print-aw22,Men,,Shorts
Sport Windbreaker,Winter Teal,60.0,,https://us.shop.gymshark.com/products/gymshark-sport-windbreaker-winter-teal-aw22,Men,,Windbreaker
Apex Seamless Long Sleeve T-Shirt,Silhouette Grey/Smokey Grey,50.0,,https://us.shop.gymshark.com/products/gymshark-apex-seamless-long-sleeve-t-shirt-silhouette-grey-smokey-grey-aw22,Men,,T-shirt
Apex Seamless T-Shirt,Black/Silhouette Grey,44.0,,https://us.shop.gymshark.com/products/gymshark-apex-seamless-t-shirt-black-silhouette-grey-aw22,Men,,T-shirt
Element Baselayer Leggings,Tuscan Teal,22.4,32.0,https://us.shop.gymshark.com/products/gymshark-element-baselayer-leggings-tuscan-teal-ss22,Men,30.000000000000004,Leggings
Sport Tank,Turmeric Yellow/Black Marl,22.4,28.0,https://us.shop.gymshark.com/products/gymshark-sport-tank-turmeric-yellow-black-marl-aw22,Men,20.000000000000004,Tank
Element Baselayer Long Sleeve Top,Grey Print,24.0,30.0,https://us.shop.gymshark.com/products/gymshark-element-baselayer-long-sleeve-top-grey-print-ss22,Men,20.0,Top
Apollo Long Sleeve T-Shirt,Storm Red,26.0,,https://us.shop.gymshark.com/products/gymshark-apollo-muscle-fit-long-sleeve-t-shirt-storm-red-aw22,Men,,T-shirt
Hybrid Woven Joggers,Black,60.0,,https://us.shop.gymshark.com/products/gymshark-hybrid-woven-joggers-black-aw22,Men,,Joggers
Studio Shorts,Onyx Grey,42.0,,https://us.shop.gymshark.com/products/gymshark-studio-shorts-onyx-grey-ss22,Men,,Shorts
Crest Zip Up Hoodie,Black,44.0,,https://us.shop.gymshark.com/products/gymshark-crest-zip-up-hoodie-black-ss22,Men,,Hoodie
Logo 5 Panel Cap,Magenta Pink,22.4,28.0,https://us.shop.gymshark.com/products/gymshark-logo-5-panel-cap-magenta-pink-aw22,Accessory,20.000000000000004,Other
44oz Water Bottle,Black,11.2,14.0,https://us.shop.gymshark.com/products/gymshark-1-3l-water-bottle-black-aw21,Accessory,20.000000000000004,Other
Apex Long Sleeve T-Shirt,Light Grey/White,52.0,,https://us.shop.gymshark.com/products/gymshark-apex-long-sleeve-t-shirt-light-grey-white-aw22,Men,,T-shirt
Medium Everyday Gym Bag,Black,52.0,,https://us.shop.gymshark.com/products/gymshark-everyday-holdall-black-aw22,Accessory,,Other
Legacy Stringer,Black,28.0,,https://us.shop.gymshark.com/products/gymshark-legacy-stringer-black-ss22,Men,,Stringer
74oz Water Bottle,Black,18.0,,https://us.shop.gymshark.com/products/gymshark-2-2l-water-bottle-black-aw21,Accessory,,Other
Critical Tank,Turbo Blue,11.2,28.0,https://us.shop.gymshark.com/products/gymshark-critical-tank-turbo-blue-ss22,Men,60.0,Tank
Flat Peak Cap,Pebble Grey,16.8,28.0,https://us.shop.gymshark.com/products/gymshark-flat-peak-cap-pebble-grey-aw22,Accessory,40.0,Other
Logo 5 Panel Cap,Black,22.4,28.0,https://us.shop.gymshark.com/products/gymshark-logo-5-panel-cap-black-aw22,Accessory,20.000000000000004,Other
Power Washed Rag Top,Cherry Brown,46.0,,https://us.shop.gymshark.com/products/gymshark-power-washed-rag-top-cherry-brown-aw22,Men,,Top
Sport T-Shirt,Fluo Lime/Black Marl,32.0,,https://us.shop.gymshark.com/products/gymshark-sport-t-shirt-fluo-lime-black-marl-aw22,Men,,T-shirt
Legacy Drop Arm Hoodie,Black,42.0,,https://us.shop.gymshark.com/products/gymshark-legacy-drop-arm-hoodie-black-ss22,Men,,Hoodie
Arrival Shorts,Navy,26.0,,https://us.shop.gymshark.com/products/gymshark-arrival-7-shorts-navy-ss22,Men,,Shorts
Jacquard Quarter Socks 3pk,White,16.0,,https://us.shop.gymshark.com/products/gymshark-jacquard-quarter-socks-white-aw21,Accessory,,Other
Sharkhead Sweat Bands,White,5.6,8.0,https://us.shop.gymshark.com/products/gymshark-sharkhead-sweat-bands-white-aw22,Accessory,30.000000000000004,Other
Sport 1/4 Zip,Winter Teal,48.0,,https://us.shop.gymshark.com/products/gymshark-sport-1-4-zip-winter-teal-aw22,Men,,Zip
Sport T-Shirt,Black/Black Marl,32.0,,https://us.shop.gymshark.com/products/gymshark-sport-t-shirt-black-black-marl-aw22,Men,,T-shirt
Element Baselayer Long Sleeve Top,Light Grey Print,30.0,,https://us.shop.gymshark.com/products/gymshark-element-baselayer-long-sleeve-top-light-grey-print-aw22,Men,,Top
Arrival Long Sleeve T-Shirt,Atlantic Blue,26.0,,https://us.shop.gymshark.com/products/gymshark-arrival-long-sleeve-t-shirt-atlantic-blue-aw22,Men,,T-shirt
Small Everyday Gym Bag,Black,42.0,,https://us.shop.gymshark.com/products/gymshark-everyday-holdall-black-aw21,Accessory,,Other
Studio Joggers,Navy,48.0,,https://us.shop.gymshark.com/products/gymshark-studio-joggers-navy-aw22,Men,,Joggers
Apex Seamless Tank,Hoya Green/Woodland Green,42.0,,https://us.shop.gymshark.com/products/gymshark-apex-seamless-tank-hoya-green-woodland-green-aw22,Men,,Tank
Apex T-Shirt,Cherry Brown/Pepper Red,46.0,,https://us.shop.gymshark.com/products/gymshark-apex-t-shirt-cherry-brown-pepper-red-aw22,Men,,T-shirt
Control Baselayer Leggings,Black,40.0,,https://us.shop.gymshark.com/products/gymshark-control-baselayer-leggings-black-aw22,Men,,Leggings
Rest Day Knit Joggers,Onyx Grey,60.0,,https://us.shop.gymshark.com/products/gymshark-rest-day-knit-joggers-onyx-grey-aw22,Men,,Joggers
Block T-Shirt,Light Grey Marl,26.0,,https://us.shop.gymshark.com/products/gymshark-block-t-shirt-light-grey-marl-aw22,Men,,T-shirt
Block T-Shirt,White,26.0,,https://us.shop.gymshark.com/products/gymshark-block-t-shirt-white-aw22,Men,,T-shirt
Sharkhead Headband,White,7.2,12.0,https://us.shop.gymshark.com/products/gymshark-sharkhead-headband-white-aw22,Accessory,40.0,Other
Arrival T-Shirt,Light Grey Print,15.4,22.0,https://us.shop.gymshark.com/products/gymshark-arrival-t-shirt-light-grey-print-ss22,Men,30.0,T-shirt
Weightlifting Socks,Black,17.6,22.0,https://us.shop.gymshark.com/products/gymshark-weightlifting-socks-black,Accessory,19.999999999999993,Other
Apex Long Sleeve T-Shirt,Woodland Green/Hoya Green,52.0,,https://us.shop.gymshark.com/products/gymshark-apex-long-sleeve-t-shirt-woodland-green-hoya-green-aw22,Men,,T-shirt
"Sport 5"" Shorts",Fluo Lime,38.0,,https://us.shop.gymshark.com/products/gymshark-sport-5-shorts-fluo-lime-aw22,Men,,Shorts
Bold Gym Bag,Black,68.0,,https://us.shop.gymshark.com/products/gymshark-bold-holdall-black-aw22,Accessory,,Other
Element Baselayer Legging,Light Grey Print,32.0,,https://us.shop.gymshark.com/products/gymshark-element-baselayer-legging-light-grey-print-aw22,Men,,Legging
Small Everyday Gym Bag,Chilli Red,42.0,,https://us.shop.gymshark.com/products/gymshark-everyday-holdall-chilli-red-aw22,Accessory,,Other
No Show Socks 3pk,White,12.0,,https://us.shop.gymshark.com/products/gymshark-no-show-socks-3pk-white-aw21,Accessory,,Other
Sharkhead Headband,Reactive Green,7.2,12.0,https://us.shop.gymshark.com/products/gymshark-sharkhead-headband-reactive-green-aw22,Accessory,40.0,Other
Crew Performance Socks,Black,12.8,16.0,https://us.shop.gymshark.com/products/gymshark-crew-performance-socks-black-ss22,Accessory,19.999999999999996,Other
Retake Seamless Long Sleeve T-Shirt,Rose Brown/Black Marl,54.0,,https://us.shop.gymshark.com/products/gymshark-retake-seamless-long-sleeve-t-shirt-rose-brown-black-marl-aw22,Men,,T-shirt
Sport Long Sleeve T-Shirt,Black/Black Marl,36.0,,https://us.shop.gymshark.com/products/gymshark-sport-long-sleeve-t-shirt-black-black-marl-aw22,Men,,T-shirt
Speed Evolve Tank,Papaya Orange,18.0,30.0,https://us.shop.gymshark.com/products/gymshark-speed-tank-papaya-orange-ss22,Men,40.0,Tank
"Bold React 5"" Shorts",Woodland Green,36.0,,https://us.shop.gymshark.com/products/gymshark-bold-react-5-shorts-woodland-green-aw22,Men,,Shorts
Apex Long Sleeve T-Shirt,Cherry Brown,52.0,,https://us.shop.gymshark.com/products/gymshark-apex-long-sleeve-t-shirt-cherry-brown-aw22,Men,,T-shirt
Retake Seamless T-Shirt,Core Olive/Black Marl,50.0,,https://us.shop.gymshark.com/products/gymshark-retake-seamless-t-shirt-core-olive-black-marl-aw22,Men,,T-shirt
Hybrid Woven Joggers,Woodland Green,60.0,,https://us.shop.gymshark.com/products/gymshark-hybrid-woven-joggers-woodland-green-aw22,Men,,Joggers
"Sport 5"" 2 In 1 Shorts",Baked Maroon/Salsa Red,42.0,,https://us.shop.gymshark.com/products/gymshark-sport-5-2-in-1-shorts-baked-maroon-salsa-red-aw22,Men,,Shorts
Apex Seamless Long Sleeve T-Shirt,Woodland Green/Hoya Green,50.0,,https://us.shop.gymshark.com/products/gymshark-apex-seamless-long-sleeve-t-shirt-woodland-green-hoya-green-aw22,Men,,T-shirt
Arrival Long Sleeve T-Shirt,Core Olive,26.0,,https://us.shop.gymshark.com/products/gymshark-arrival-long-sleeve-t-shirt-core-olive-ss22,Men,,T-shirt
Woven Tab Sneaker Socks 3pk,Black,16.0,,https://us.shop.gymshark.com/products/gymshark-woven-tab-sneaker-socks-black-aw21-1,Accessory,,Other
Social Club Cosmetic Bag,Cherry Brown,12.8,16.0,https://us.shop.gymshark.com/products/gymshark-social-club-cosmetic-bag-cherry-brown-aw22,Accessory,19.999999999999996,Other
Geo Seamless Long Sleeve T-Shirt,Charcoal Grey/Black,32.0,40.0,https://us.shop.gymshark.com/products/gymshark-geo-seamless-long-sleeve-t-shirt-charcoal-grey-black-ss22,Men,20.0,T-shirt
Legacy Stringer,Light Grey Core Marl,22.4,28.0,https://us.shop.gymshark.com/products/gymshark-legacy-stringer-light-grey-core-marl-ss22,Men,20.000000000000004,Stringer
Rest Day Knit Joggers,Pebble Grey,60.0,,https://us.shop.gymshark.com/products/gymshark-rest-day-knit-joggers-pebble-grey-aw22,Men,,Joggers
React Tank,Baked Maroon,24.0,,https://us.shop.gymshark.com/products/gymshark-react-tank-baked-maroon-aw22,Men,,Tank
Medium Everyday Gym Bag,Light Grey,52.0,,https://us.shop.gymshark.com/products/gymshark-everyday-holdall-light-grey-aw22,Accessory,,Other
Sharkhead Cap,Cayenne Red,18.2,26.0,https://us.shop.gymshark.com/products/gymshark-sharkhead-cap-cayenne-red-aw22,Accessory,30.000000000000004,Other
Sharkhead Sweat Bands,Reactive Green,5.6,8.0,https://us.shop.gymshark.com/products/gymshark-sharkhead-sweat-bands-reactive-green-aw22,Accessory,30.000000000000004,Other
Legacy Cap,Lakeside Blue,20.8,26.0,https://us.shop.gymshark.com/products/gymshark-legacy-cap-lakeside-blue-aw22,Accessory,20.0,Other
Legacy Long Sleeve T-Shirt,Hoya Green,34.0,,https://us.shop.gymshark.com/products/gymshark-legacy-long-sleeve-t-shirt-hoya-green-aw22,Men,,T-shirt
Legacy Shorts,Black,36.0,,https://us.shop.gymshark.com/products/gymshark-legacy-shorts-black-aw22,Men,,Shorts
Sport Windbreaker,Black,60.0,,https://us.shop.gymshark.com/products/gymshark-sport-windbreaker-black-aw22,Men,,Windbreaker
Hybrid Boxer,Black/Light Grey,20.0,,https://us.shop.gymshark.com/products/gymshark-hybrid-boxer-black-light-grey-ss22,Accessory,,Other
Bold Shorts,Black,30.0,,https://us.shop.gymshark.com/products/gymshark-bold-shorts-black-aw21,Men,,Shorts
Arrival Marl T-Shirt,Black,22.0,,https://us.shop.gymshark.com/products/arrival-marl-t-shirt-black,Men,,T-shirt
X-Series 0.1 Backpack,Lakeside Blue,36.8,46.0,https://us.shop.gymshark.com/products/gymshark-x-series-bag-0-1-lakeside-blue-aw22,Accessory,20.000000000000007,Other
Bold Bag,Coastal Blue,27.2,34.0,https://us.shop.gymshark.com/products/gymshark-bold-bag-coastal-blue-aw22,Accessory,20.0,Other
Legacy Cap,Blossom Pink,20.8,26.0,https://us.shop.gymshark.com/products/gymshark-legacy-cap-blossom-pink-aw22,Accessory,20.0,Other
Legacy Drop Arm Hoodie,Coastal Blue,42.0,,https://us.shop.gymshark.com/products/gymshark-legacy-drop-arm-hoodie-coastal-blue-aw22,Men,,Hoodie
Small Everyday Gym Bag,Light Grey,42.0,,https://us.shop.gymshark.com/products/gymshark-everyday-holdall-light-grey-aw21,Accessory,,Other
Everyday Mini Backpack,Black,30.0,,https://us.shop.gymshark.com/products/gymshark-everyday-mini-backpack-black-aw21,Accessory,,Other
Weightlifting Socks,White,17.6,22.0,https://us.shop.gymshark.com/products/gymshark-weightlifting-socks-white,Accessory,19.999999999999993,Other
Power Stringer,Aloe Green,26.0,,https://us.shop.gymshark.com/products/gymshark-power-stringer-aloe-green-aw22,Men,,Stringer
Apex T-Shirt,Atlantic Blue/Shark Blue,46.0,,https://us.shop.gymshark.com/products/gymshark-apex-t-shirt-atlantic-blue-shark-blue-aw22,Men,,T-shirt
Essential Oversized Joggers,Charcoal Grey Marl,44.0,,https://us.shop.gymshark.com/products/gymshark-essential-oversized-joggers-charcoal-grey-marl-aw22,Men,,Joggers
Ankle Performance Socks,White,11.2,14.0,https://us.shop.gymshark.com/products/gymshark-ankle-performance-socks-white,Accessory,20.000000000000004,Other
Sport T-Shirt,White/Smokey Grey Marl,32.0,,https://us.shop.gymshark.com/products/gymshark-sport-t-shirt-white-smokey-grey-marl-aw22,Men,,T-shirt
Studio Shorts,Navy,42.0,,https://us.shop.gymshark.com/products/gymshark-studio-shorts-navy-aw22,Men,,Shorts
Crest Zip Up Hoodie,Light Grey Marl,44.0,,https://us.shop.gymshark.com/products/gymshark-crest-zip-up-hoodie-light-grey-marl-aw22,Men,,Hoodie
Geo Seamless Long Sleeve T-Shirt,Aloe Green/Tea Green,38.0,,https://us.shop.gymshark.com/products/gymshark-geo-seamless-long-sleeve-t-shirt-aloe-green-tea-green-aw22,Men,,T-shirt
Crest Zip Up Hoodie,Core Olive,44.0,,https://us.shop.gymshark.com/products/gymshark-crest-zip-up-hoodie-core-olive-ss22,Men,,Hoodie
Woven Tab Sneaker Socks 3pk,White,16.0,,https://us.shop.gymshark.com/products/gymshark-woven-tab-sneaker-socks-white-aw21,Accessory,,Other
Mesh Trucker,Pepper Red,18.0,30.0,https://us.shop.gymshark.com/products/gymshark-mesh-trucker-pepper-red-aw22,Accessory,40.0,Other
Sharkhead Backpack,Coastal Blue,32.4,36.0,https://us.shop.gymshark.com/products/gymshark-sharkhead-backpack-coastal-blue-aw22,Accessory,10.000000000000004,Other
Legacy Drop Arm Hoodie,Hoya Green,42.0,,https://us.shop.gymshark.com/products/gymshark-legacy-drop-arm-hoodie-hoya-green-aw22,Men,,Hoodie
Sport Long Sleeve T-Shirt,Baked Maroon/Black Marl,36.0,,https://us.shop.gymshark.com/products/gymshark-sport-long-sleeve-t-shirt-baked-maroon-black-marl-aw22,Men,,T-shirt
Legacy Long Sleeve T-Shirt,White,34.0,,https://us.shop.gymshark.com/products/gymshark-legacy-long-sleeve-t-shirt-white-aw22,Men,,T-shirt
"Sport 7"" 2 In 1 Shorts",Baked Maroon/Salsa Red,42.0,,https://us.shop.gymshark.com/products/gymshark-sport-7-2-in-1-shorts-baked-maroon-salsa-red-aw22,Men,,Shorts
Element Baselayer Legging,Atlantic Blue,32.0,,https://us.shop.gymshark.com/products/gymshark-element-baselayer-legging-atlantic-blue-aw22,Men,,Legging
Arrival Tank,Atlantic Blue,20.0,,https://us.shop.gymshark.com/products/gymshark-arrival-tank-atlantic-blue-aw22,Men,,Tank
Sport 1/4 Zip,Woodland Green,38.4,48.0,https://us.shop.gymshark.com/products/gymshark-sport-1-4-zip-woodland-green-aw22,Men,20.000000000000004,Zip
"Sport 5"" Shorts",Velvet Purple,38.0,,https://us.shop.gymshark.com/products/gymshark-sport-5-shorts-velvet-purple-aw22,Men,,Shorts
Retake Seamless T-Shirt,Rose Brown/Black Marl,50.0,,https://us.shop.gymshark.com/products/gymshark-retake-seamless-t-shirt-rose-brown-black-marl-aw22,Men,,T-shirt
Crest T-Shirt,Black,22.0,,https://us.shop.gymshark.com/products/gymshark-crest-t-shirt-black-aw21,Men,,T-shirt
Social Club Beanie,Cherry Brown,12.0,20.0,https://us.shop.gymshark.com/products/gymshark-social-club-beanie-cherry-brown-aw22,Accessory,40.0,Other
Pom Beanie,Blossom Pink/Sweet Pink/White,15.6,26.0,https://us.shop.gymshark.com/products/gymshark-pom-beanie-blossom-pink-sweet-pink-white-aw22,Accessory,40.0,Other
Critical Drop Arm Tank,Clay Orange,19.6,28.0,https://us.shop.gymshark.com/products/gymshark-critical-drop-arm-tank-clay-orange-ss22,Men,29.999999999999993,Tank
Arrival Slim Marl Tank,Shark Blue/White Marl,20.0,,https://us.shop.gymshark.com/products/gymshark-arrival-slim-marl-tank-shark-blue-white-marl-aw22,Men,,Tank
Studio Jacket,Navy,54.4,68.0,https://us.shop.gymshark.com/products/gymshark-studio-jacket-navy-aw22,Men,20.0,Jacket
Social Club Double Stripe 1pk Sock,Cherry Brown/White,9.6,12.0,https://us.shop.gymshark.com/products/gymshark-social-club-double-stripe-1pk-sock-cherry-brown-white-aw22,Accessory,20.000000000000004,Other
Logo Trucker Cap,Core Olive,24.0,30.0,https://us.shop.gymshark.com/products/gymshark-logo-trucker-cap-core-olive-aw22,Accessory,20.0,Other
Bold Gym Bag,Coastal Blue,54.4,68.0,https://us.shop.gymshark.com/products/gymshark-bold-holdall-coastal-blue-aw22,Accessory,20.0,Other
"Sport 5"" 2 In 1 Shorts",Velvet Purple,42.0,,https://us.shop.gymshark.com/products/gymshark-sport-5-2-in-1-shorts-velvet-purple-print-aw22,Men,,Shorts
React Drop Arm Tank,Sunburst Orange,24.0,,https://us.shop.gymshark.com/products/gymshark-react-drop-arm-tank-sunburst-orange-aw22,Men,,Tank
Apex Jacket,Atlantic Blue,90.0,,https://us.shop.gymshark.com/products/gymshark-apex-jacket-atlantic-blue-aw22,Men,,Jacket
Sport Shorts,Baked Maroon/Salsa Red,38.0,,https://us.shop.gymshark.com/products/gymshark-sport-shorts-baked-maroon-salsa-red-aw22,Men,,Shorts
Studio Shorts,Lakeside Blue,42.0,,https://us.shop.gymshark.com/products/gymshark-studio-shorts-lakeside-blue-aw22,Men,,Shorts
"Speed Evolve 5"" Shorts",Navy,38.0,,https://us.shop.gymshark.com/products/gymshark-speed-5-shorts-navy-ss22,Men,,Shorts
Small Everyday Gym Bag,Digital Violet,42.0,,https://us.shop.gymshark.com/products/gymshark-everyday-holdall-digital-violet-aw22,Accessory,,Other
Geo Seamless T-Shirt,Bali Green/White,27.2,34.0,https://us.shop.gymshark.com/products/gymshark-geo-seamless-t-shirt-bali-green-white-ss22,Men,20.0,T-shirt
Legacy Long Sleeve T-Shirt,Coastal Blue,34.0,,https://us.shop.gymshark.com/products/gymshark-legacy-long-sleeve-t-shirt-coastal-blue-aw22,Men,,T-shirt
"Bold React 5"" Shorts",Coin Grey,36.0,,https://us.shop.gymshark.com/products/gymshark-bold-react-5-shorts-coin-grey-aw22,Men,,Shorts
"Power Washed 5"" Shorts",Black,42.0,,https://us.shop.gymshark.com/products/gymshark-power-washed-5-shorts-black-aw22,Men,,Shorts
Vital 1/4 Zip,Black/Silhouette Grey,44.0,,https://us.shop.gymshark.com/products/gymshark-vital-light-1-4-zip-black-silhouette-grey-aw22,Men,,Zip
Crest Long Sleeve T-Shirt,White,26.0,,https://us.shop.gymshark.com/products/gymshark-crest-long-sleeve-t-shirt-white-ss22,Men,,T-shirt
Crest T-Shirt,Navy,22.0,,https://us.shop.gymshark.com/products/gymshark-crest-t-shirt-navy-aw21,Men,,T-shirt
Sharkhead Beanie,Reactive Green,16.0,20.0,https://us.shop.gymshark.com/products/gymshark-sharkhead-beanie-reactive-green-aw22,Accessory,20.0,Other
Apex Long Sleeve T-Shirt,Neptune Purple/Velvet Purple,52.0,,https://us.shop.gymshark.com/products/gymshark-apex-long-sleeve-t-shirt-neptune-purple-velvet-purple-aw22,Men,,T-shirt
Sharkhead Beanie,Navy,20.0,,https://us.shop.gymshark.com/products/gymshark-sharkhead-beanie-navy,Accessory,,Other
X-Series 0.3 Backpack,Core Olive,64.0,,https://us.shop.gymshark.com/products/gymshark-x-series-bag-0-3-core-olive-aw22,Accessory,,Other
X-Series Wash Bag,Black,24.0,,https://us.shop.gymshark.com/products/gymshark-x-series-wash-bag-black-ss22,Accessory,,Other
Everyday Zip Pouch,Chilli Red,16.0,,https://us.shop.gymshark.com/products/gymshark-everyday-wash-bag-chilli-red-aw22,Accessory,,Other
Legacy Deep Cuff Beanie,Light Grey Marl,15.4,22.0,https://us.shop.gymshark.com/products/gymshark-legacy-deep-cuff-beanie-light-grey-marl-aw22,Accessory,30.0,Other
Bold Barrel Bag,Coastal Blue,32.0,40.0,https://us.shop.gymshark.com/products/gymshark-bold-barrel-bag-coastal-blue-aw22,Accessory,20.0,Other
Retake Seamless Long Sleeve T-Shirt,Black/White Marl,54.0,,https://us.shop.gymshark.com/products/gymshark-retake-seamless-long-sleeve-t-shirt-black-white-marl-aw22,Men,,T-shirt
Apollo Long Sleeve T-Shirt,Light Grey Marl,26.0,,https://us.shop.gymshark.com/products/gymshark-apollo-long-sleeve-muscle-fit-t-shirt-light-grey-marl-aw22,Men,,T-shirt
Everyday Wash Bag,Black,16.0,,https://us.shop.gymshark.com/products/gymshark-everyday-wash-bag-black-aw21,Accessory,,Other
Pom Beanie,Black/Coin Grey,15.6,26.0,https://us.shop.gymshark.com/products/gymshark-pom-beanie-black-coin-grey-aw22,Accessory,40.0,Other
Legacy Deep Cuff Beanie,Deep Pink,15.4,22.0,https://us.shop.gymshark.com/products/gymshark-legacy-deep-cuff-beanie-deep-pink-aw22,Accessory,30.0,Other
Vital Seamless Light Tank,Papaya Orange Marl,18.2,26.0,https://us.shop.gymshark.com/products/gymshark-vital-light-tank-papaya-orange-marl-ss22,Men,30.000000000000004,Tank
Social Club Metal Shaker,Cherry Brown,20.8,26.0,https://us.shop.gymshark.com/products/gymshark-social-club-metal-shaker-cherry-brown-aw22,Accessory,20.0,Other
Retake Knit Joggers,Moss Olive Marl,76.0,,https://us.shop.gymshark.com/products/gymshark-retake-knit-joggers-moss-olive-marl-aw22,Men,,Joggers
"Bold React 5"" Shorts",Navy,36.0,,https://us.shop.gymshark.com/products/gymshark-bold-react-5-shorts-navy-aw22,Men,,Shorts
Sport T-Shirt,Salsa Red/Black Marl,32.0,,https://us.shop.gymshark.com/products/gymshark-sport-t-shirt-salsa-red-black-marl-aw22,Men,,T-shirt
"Speed Evolve 5"" 2 In 1 Shorts",Black,42.0,,https://us.shop.gymshark.com/products/gymshark-speed-5-2-in-1-shorts-black-ss22,Men,,Shorts
Crest T-Shirt,Core Olive,22.0,,https://us.shop.gymshark.com/products/gymshark-crest-t-shirt-core-olive-ss22,Men,,T-shirt
Shaker Bottle,Black,14.0,,https://us.shop.gymshark.com/products/gymshark-shaker-bottle-black-aw21,Accessory,,Other
Shaker Bottle,Reactive Green,14.0,,https://us.shop.gymshark.com/products/gymshark-shaker-bottle-reactive-green-aw22,Accessory,,Other
14oz Shaker Bottle,Black,12.0,,https://us.shop.gymshark.com/products/gymshark-400ml-shaker-bottle-black-aw21,Accessory,,Other
Reversable Jacquard Beanie,Winter Teal/Slate Blue,18.2,26.0,https://us.shop.gymshark.com/products/gymshark-reversable-jacquard-beanie-winter-teal-slate-blue-aw22,Accessory,30.000000000000004,Other
Apex Long Sleeve T-Shirt,Atlantic Blue/Shark Blue,52.0,,https://us.shop.gymshark.com/products/gymshark-apex-long-sleeve-t-shirt-atlantic-blue-shark-blue-aw22,Men,,T-shirt
Sharkhead Cap,Iguana Green,26.0,,https://us.shop.gymshark.com/products/gymshark-sharkhead-cap-iguana-green-aw22,Accessory,,Other
Sharkhead Cap,Navy,26.0,,https://us.shop.gymshark.com/products/gymshark-sharkhead-cap-navy-aw22,Accessory,,Other
X-Series Toiletry Bag,Core Olive,19.2,24.0,https://us.shop.gymshark.com/products/gymshark-x-series-wash-bag-core-olive-aw22,Accessory,20.000000000000004,Other
Retake Seamless T-Shirt,Black/White Marl,50.0,,https://us.shop.gymshark.com/products/gymshark-retake-seamless-t-shirt-black-white-marl-aw22,Men,,T-shirt
Studio Hoodie,Lakeside Blue,56.0,,https://us.shop.gymshark.com/products/gymshark-studio-hoodie-lakeside-blue-aw22,Men,,Hoodie
X-Series 0.3 Backpack,Mercury Purple,64.0,,https://us.shop.gymshark.com/products/gymshark-x-series-bag-0-3-mercury-purple-aw22,Accessory,,Other
Sharkhead Beanie,Sweet Pink,20.0,,https://us.shop.gymshark.com/products/gymshark-sharkhead-beanie-sweet-pink-aw22,Accessory,,Other
Crest Sweatshirt,Core Olive,36.0,,https://us.shop.gymshark.com/products/gymshark-crest-sweatshirt-core-olive-ss22,Men,,Sweatshirt
Pom Beanie,Pebble Grey/White,15.6,26.0,https://us.shop.gymshark.com/products/gymshark-pom-beanie-pebble-grey-white-aw22,Accessory,40.0,Other
Studio Mat,Hibiscus Pink,54.4,68.0,https://us.shop.gymshark.com/products/gymshark-studio-mat-hibiscus-pink,Accessory,20.0,Other
Sports Tech Boxers 2Pk,Black,28.0,,https://us.shop.gymshark.com/products/gymshark-sports-tech-boxers-2pk-black-aw22,Accessory,,Other
Studio Amplify T-Shirt,Cucumber Green,16.0,40.0,https://us.shop.gymshark.com/products/gymshark-studio-amplify-t-shirt-cucumber-green-ss22,Men,60.0,T-shirt
Sport Shorts,Woodland Green/Hoya Green,38.0,,https://us.shop.gymshark.com/products/gymshark-sport-shorts-woodland-green-hoya-green-aw22,Men,,Shorts
Sports Tech Boxers 2Pk,Black/Core Olive,28.0,,https://us.shop.gymshark.com/products/gymshark-sports-tech-boxers-2pk-black-core-olive-aw22,Accessory,,Other
"Bold React 5"" Shorts",Cherry Brown,36.0,,https://us.shop.gymshark.com/products/gymshark-bold-react-5-shorts-cherry-brown-aw22,Men,,Shorts
X-Series Bag 0.1,Black,46.0,,https://us.shop.gymshark.com/products/gymshark-x-series-bag-0-1-black-aw22,Accessory,,Other
"Retake Woven 7"" Shorts",Moss Olive,66.0,,https://us.shop.gymshark.com/products/gymshark-retake-woven-7-shorts-moss-olive-aw22,Men,,Shorts
Sharkhead Beanie,Black,20.0,,https://us.shop.gymshark.com/products/gymshark-sharkhead-beanie-black-aw22,Accessory,,Other
Premium Jacquard Single Socks,White/Magenta Pink,12.0,,https://us.shop.gymshark.com/products/gymshark-premium-jacquard-single-socks-white-magenta-pink-aw22,Accessory,,Other
X-Series Toiletry Bag,Mercury Purple,19.2,24.0,https://us.shop.gymshark.com/products/gymshark-x-series-wash-bag-mercury-purple-aw22,Accessory,20.000000000000004,Other
Retake Crew,Cherry Brown Marl,70.0,,https://us.shop.gymshark.com/products/gymshark-retake-crew-cherry-brown-marl-aw22,Men,,Crew
Power Washed Joggers,Black,52.0,,https://us.shop.gymshark.com/products/gymshark-power-washed-joggers-black-aw22,Men,,Joggers
Crest Hoodie,Core Olive,40.0,,https://us.shop.gymshark.com/products/gymshark-crest-hoodie-core-olive-ss22,Men,,Hoodie
Phone Strap,Black,12.8,16.0,https://us.shop.gymshark.com/products/gymshark-phone-strap-black-aw21,Accessory,19.999999999999996,Other
Rest Day 1/4 Zip,Lakeside Blue,52.0,,https://us.shop.gymshark.com/products/gymshark-rest-day-1-4-zip-lakeside-blue-aw22,Men,,Zip
Sharkhead Beanie,Moss Olive,20.0,,https://us.shop.gymshark.com/products/gymshark-sharkhead-beanie-moss-olive-aw22,Accessory,,Other
Wrap Lifting Gloves,Black,26.0,,https://us.shop.gymshark.com/products/gymshark-wrap-lifting-gloves-black-aw21,Accessory,,Other
Crest T-Shirt,Kiwi Green,22.0,,https://us.shop.gymshark.com/products/gymshark-crest-t-shirt-kiwi-green-aw22,Men,,T-shirt
Everyday Mini Backpack,Chilli Red,30.0,,https://us.shop.gymshark.com/products/gymshark-everyday-mini-backpack-chilli-red-aw22,Accessory,,Other
Gymshark//Steve Cook Headband,Turquoise,5.6,14.0,https://us.shop.gymshark.com/products/gymshark-x-steve-cook-headband-turquoise-ss22,Accessory,60.0,Other
Mesh Trucker,Black,30.0,,https://us.shop.gymshark.com/products/gymshark-mesh-trucker-black-aw22,Accessory,,Other
Flip Straw Water Bottle,Magenta Pink,22.0,,https://us.shop.gymshark.com/products/gymshark-insulated-straw-flask-magenta-pink-aw22,Accessory,,Other
Crest Long Sleeve T-Shirt,Black,26.0,,https://us.shop.gymshark.com/products/gymshark-crest-long-sleeve-t-shirt-black-ss22,Men,,T-shirt
Sport Seamless 1/4 Zip,Winter Teal/Slate Blue,41.6,52.0,https://us.shop.gymshark.com/products/gymshark-sport-seamless-1-4-zip-winter-teal-slate-blue-aw22,Men,20.0,Zip
Retake Jacket,Black,150.0,,https://us.shop.gymshark.com/products/gymshark-retake-jacket-black-aw22,Men,,Jacket
"Speed Evolve 5"" Shorts",Black,38.0,,https://us.shop.gymshark.com/products/gymshark-speed-5-shorts-black-ss22,Men,,Shorts
"Retake Woven 7"" Shorts",Black,66.0,,https://us.shop.gymshark.com/products/gymshark-retake-woven-7-shorts-black-aw22,Men,,Shorts
Legacy Deep Cuff Beanie,Cement Brown,22.0,,https://us.shop.gymshark.com/products/gymshark-legacy-deep-cuff-beanie-cement-brown-aw22,Accessory,,Other
Sharkhead Cap,White,26.0,,https://us.shop.gymshark.com/products/gymshark-sharkhead-cap-white-aw22,Accessory,,Other
Apex Multi Shorts,Black,35.0,50.0,https://us.shop.gymshark.com/products/gymshark-apex-multi-shorts-black-ss22,Men,30.0,Shorts
Bold Bag,Black,27.2,34.0,https://us.shop.gymshark.com/products/gymshark-bold-bag-black-aw22,Accessory,20.0,Other
Arrival Regular Fit T-Shirt,Navy,22.0,,https://us.shop.gymshark.com/products/gymshark-arrival-regular-fit-t-shirt-navy-ss22,Men,,T-shirt
Wraps,Black,20.0,,https://us.shop.gymshark.com/products/gymshark-lifting-straps-self-tie-black,Accessory,,Other
Retake Woven Joggers,Moss Olive,86.0,,https://us.shop.gymshark.com/products/gymshark-retake-woven-joggers-moss-olive-aw22,Men,,Joggers
Boxers 2pk,Core Olive/Navy,20.0,,https://us.shop.gymshark.com/products/gymshark-boxers-2pk-core-olive-navy-ss22,Accessory,,Other
Retake Woven Joggers,Cement Brown,86.0,,https://us.shop.gymshark.com/products/gymshark-retake-woven-joggers-cement-brown-aw22,Men,,Joggers
Apex Seamless T-Shirt,White/Light Grey,44.0,,https://us.shop.gymshark.com/products/gymshark-apex-seamless-t-shirt-white-light-grey-aw22,Men,,T-shirt
Geo Seamless Long Sleeve T-Shirt,White/Light Grey,38.0,,https://us.shop.gymshark.com/products/gymshark-geo-seamless-long-sleeve-t-shirt-white-light-grey-aw22,Men,,T-shirt
Premium Jacquard Single Socks,Black/White,12.0,,https://us.shop.gymshark.com/products/gymshark-premium-jacquard-single-socks-black-white-aw22,Accessory,,Other
Sport Seamless T-Shirt,Slate Blue/Winter Teal,30.4,38.0,https://us.shop.gymshark.com/products/gymshark-sport-seamless-t-shirt-slate-blue-winter-teal-aw22,Men,20.000000000000004,T-shirt
Retake Woven Joggers,Black,86.0,,https://us.shop.gymshark.com/products/gymshark-retake-woven-joggers-black-aw22,Men,,Joggers
Flat Peak Cap,Core Olive,16.8,28.0,https://us.shop.gymshark.com/products/gymshark-flat-peak-cap-core-olive-aw22,Accessory,40.0,Other
Apex Multi Shorts,Onyx Grey/Black,35.0,50.0,https://us.shop.gymshark.com/products/gymshark-apex-multi-shorts-onyx-grey-black-ss22,Men,30.0,Shorts
Sport Seamless T-Shirt,Turmeric Yellow/Black,30.4,38.0,https://us.shop.gymshark.com/products/gymshark-sport-seamless-t-shirt-turmeric-yellow-black-aw22,Men,20.000000000000004,T-shirt
Logo 5 Panel Cap,Obsidian Green,22.4,28.0,https://us.shop.gymshark.com/products/gymshark-logo-5-panel-cap-obsidian-green-aw22,Accessory,20.000000000000004,Other
Arrival Slim Marl Tank,Core Olive/Kalamata Olive Marl,20.0,,https://us.shop.gymshark.com/products/gymshark-arrival-slim-marl-tank-core-olive-kalamata-olive-marl-ss22,Men,,Tank
Sport Seamless Long Sleeve T-Shirt,Hoya Green/Woodland Green,32.0,40.0,https://us.shop.gymshark.com/products/gymshark-sport-seamless-long-sleeve-t-shirt-hoya-green-woodland-green-aw22,Men,20.0,T-shirt
Arrival T-Shirt,Teal Print,17.6,22.0,https://us.shop.gymshark.com/products/gymshark-arrival-t-shirt-teal-print-gsaw21,Men,19.999999999999993,T-shirt
315 Seamless 1/2 Shorts,Winter Teal/Black,36.0,,https://us.shop.gymshark.com/products/gymshark-315-seamless-1-2-shorts-winter-teal-black-aw22,Men,,Shorts
Apex Seamless Tank,Linen Blue/Court Blue,29.4,42.0,https://us.shop.gymshark.com/products/gymshark-apex-seamless-tank-linen-blue-court-blue-ss22,Men,30.000000000000004,Tank
Retake Crew,Light Grey Marl,70.0,,https://us.shop.gymshark.com/products/gymshark-retake-crew-light-grey-marl-aw22,Men,,Crew
Apex Seamless Tank,Court Blue/Onyx Grey,29.4,42.0,https://us.shop.gymshark.com/products/gymshark-apex-seamless-tank-court-blue-onyx-grey-ss22,Men,30.000000000000004,Tank
React Joggers,Light Grey Core Marl,36.8,46.0,https://us.shop.gymshark.com/products/gymshark-react-joggers-light-grey-core-marl-aw22,Men,20.000000000000007,Joggers
Studio Mat,Rose Brown,54.4,68.0,https://us.shop.gymshark.com/products/gymshark-studio-mat-rose-brown-aw22,Accessory,20.0,Other
React Joggers,Black,36.8,46.0,https://us.shop.gymshark.com/products/gymshark-react-joggers-black-aw22,Men,20.000000000000007,Joggers
Retake Anorak,Cement Brown,90.0,,https://us.shop.gymshark.com/products/gymshark-retake-anorak-cement-brown-aw22,Men,,Anorak
Retake Jacket,Core Olive,150.0,,https://us.shop.gymshark.com/products/gymshark-retake-jacket-core-olive-aw22,Men,,Jacket
"Retake Woven 7"" Shorts",Cement Brown,66.0,,https://us.shop.gymshark.com/products/gymshark-retake-woven-7-shorts-cement-brown-aw22,Men,,Shorts
Flip Straw Water Bottle,Black,22.0,,https://us.shop.gymshark.com/products/gymshark-600ml-straw-flask-black,Accessory,,Other
Retake Jacket,Cement Brown,150.0,,https://us.shop.gymshark.com/products/gymshark-retake-jacket-cement-brown-aw22,Men,,Jacket
Legacy Cap,Black,26.0,,https://us.shop.gymshark.com/products/gymshark-legacy-cap-black-aw22,Accessory,,Other
Retake Anorak,Moss Olive,90.0,,https://us.shop.gymshark.com/products/gymshark-retake-anorak-moss-olive-aw22,Men,,Anorak
Medium Glute Band,Charcoal Grey,16.0,20.0,https://us.shop.gymshark.com/products/gymshark-medium-glute-band-charcoal-grey-aw21,Accessory,20.0,Other
Scrunchies 3Pk,Black/Core Olive/Light Grey,14.0,,https://us.shop.gymshark.com/products/gymshark-scrunchies-3pk-black-core-olive-ss22-light-grey,Accessory,,Other
Studio Joggers,Black,48.0,,https://us.shop.gymshark.com/products/gymshark-studio-joggers-black-aw21,Men,,Joggers
Arrival Tank,Fluo Mint,16.0,20.0,https://us.shop.gymshark.com/products/gymshark-arrival-tank-fluo-mint-aw22,Men,20.0,Tank
Flat Peak Cap,Black,16.8,28.0,https://us.shop.gymshark.com/products/gymshark-flat-peak-cap-black-ss22,Accessory,40.0,Other
Studio Joggers,Dusty Maroon,48.0,,https://us.shop.gymshark.com/products/gymshark-studio-joggers-dusty-maroon-ss23,Men,,Joggers
Studio Joggers,Mushroom Brown,48.0,,https://us.shop.gymshark.com/products/gymshark-studio-joggers-mushroom-brown-ss23,Men,,Joggers
React Drop Arm Tank,Tropic Green,24.0,,https://us.shop.gymshark.com/products/gymshark-react-drop-arm-tank-tropic-green-ss23,Men,,Tank
React Drop Arm Tank,Onyx Grey,24.0,,https://us.shop.gymshark.com/products/gymshark-react-drop-arm-tank-onyx-grey-ss23,Men,,Tank
React Drop Arm Tank,Aerospace Orange,24.0,,https://us.shop.gymshark.com/products/gymshark-react-drop-arm-tank-aerospace-orange-ss23,Men,,Tank
Apollo Stringer,Desert Sage Green,20.0,,https://us.shop.gymshark.com/products/gymshark-apollo-stringer-desert-sage-green-ss23,Men,,Stringer
Apollo Stringer,Persimmon Red,20.0,,https://us.shop.gymshark.com/products/gymshark-apollo-stringer-persimmon-red-ss23,Men,,Stringer
Apollo Stringer,Lakeside Blue,20.0,,https://us.shop.gymshark.com/products/gymshark-apollo-stringer-lakeside-blue-ss23,Men,,Stringer
Arrival Marl Tank,Orange/White Marl,20.0,,https://us.shop.gymshark.com/products/gymshark-arrival-marl-tank-orange-white-marl-ss23,Men,,Tank
Whitney Bottle,Cement Brown,26.0,,https://us.shop.gymshark.com/products/gymshark-whitney-bottle-cement-brown-aw22,Accessory,,Other
Arrival Woven Joggers,Silhouette Grey,40.0,,https://us.shop.gymshark.com/products/gymshark-arrival-woven-joggers-silhouette-grey-aw22,Men,,Joggers
Figure 8 Lifting Straps,Black,16.0,,https://us.shop.gymshark.com/products/gymshark-lifting-straps-black-aw21,Accessory,,Other
Crew Socks 3pk,White/Light Grey Marl/Black,16.0,,https://us.shop.gymshark.com/products/gymshark-crew-socks-3pk-white-light-grey-marl-black-aw21,Accessory,,Other
Silicone Grip Lifting Straps,Black,16.0,,https://us.shop.gymshark.com/products/gymshark-silicone-grip-lifting-straps-black,Accessory,,Other
Wrist Straps,Black,20.0,,https://us.shop.gymshark.com/products/gymshark-wrist-straps-black-logo,Accessory,,Other
Arrival T-Shirt,White,22.0,,https://us.shop.gymshark.com/products/gymshark-arrival-t-shirt-white-ss22,Men,,T-shirt
Boxers 2pk,White,20.0,,https://us.shop.gymshark.com/products/gymshark-boxers-2pk-white-aw21,Accessory,,Other
Essential Oversized T-Shirt,Charcoal Marl,26.0,,https://us.shop.gymshark.com/products/gymshark-oversized-t-shirt-charcoal-marl-aw21,Men,,T-shirt
Apex T-Shirt,Spicy Orange/Papaya Orange,27.6,46.0,https://us.shop.gymshark.com/products/gymshark-apex-t-shirt-spicy-orange-papaya-orange-ss22,Men,40.0,T-shirt
Element Baselayer Shorts, Light Grey Print,26.0,,https://us.shop.gymshark.com/products/gymshark-element-baselayer-shorts-light-grey-print-aw22,Men,,Shorts
"Apex 5"" Perform Shorts",Atlantic Blue,52.0,,https://us.shop.gymshark.com/products/gymshark-apex-5-perform-shorts-atlantic-blue-aw22,Men,,Shorts
Geo Seamless T-Shirt,Charcoal Grey/Black,28.8,36.0,https://us.shop.gymshark.com/products/gymshark-geo-seamless-t-shirt-charcoal-grey-black-ss22,Men,20.0,T-shirt
Arrival Tank,Papaya Orange,14.0,20.0,https://us.shop.gymshark.com/products/gymshark-arrival-tank-papaya-orange-ss22,Men,30.0,Tank
Legacy Stringer,Black,28.0,,https://us.shop.gymshark.com/products/gymshark-legacy-stringer-black-aw22,Men,,Stringer
315 Seamless Tank,Black,25.2,36.0,https://us.shop.gymshark.com/products/gymshark-315-seamless-tank-black-ss22,Men,30.000000000000004,Tank
Control Baselayer Shorts,Black,34.0,,https://us.shop.gymshark.com/products/gymshark-control-baselayer-shorts-black-aw22,Men,,Shorts
Power T-Shirt,Black,36.0,,https://us.shop.gymshark.com/products/gymshark-power-t-shirt-black-ss22,Men,,T-shirt
React Stringer,Salsa Red,24.0,,https://us.shop.gymshark.com/products/gymshark-react-stringer-salsa-red-aw22,Men,,Stringer
Crest Hoodie,Navy,40.0,,https://us.shop.gymshark.com/products/gymshark-crest-hoodie-navy-ss22,Men,,Hoodie
Speed Evolve T-Shirt,Cucumber Green,10.2,34.0,https://us.shop.gymshark.com/products/gymshark-speed-t-shirt-cucumber-green-ss22,Men,70.0,T-shirt
Geo Seamless Long Sleeve T-Shirt,Off White/Light Grey,32.0,40.0,https://us.shop.gymshark.com/products/gymshark-geo-seamless-long-sleeve-t-shirt-off-white-light-grey-ss22,Men,20.0,T-shirt
Sport Joggers,Silhouette Grey,52.0,,https://us.shop.gymshark.com/products/gymshark-sport-joggers-silhouette-grey-aw22,Men,,Joggers
Apex Technical Joggers,Cherry Brown,50.4,72.0,https://us.shop.gymshark.com/products/gymshark-apex-technical-joggers-cherry-brown-aw22,Men,30.000000000000004,Joggers
Power Washed T-Shirt,Rose Brown,40.0,,https://us.shop.gymshark.com/products/gymshark-power-washed-t-shirt-rose-brown-aw22,Men,,T-shirt
Sport Joggers,Baked Maroon,52.0,,https://us.shop.gymshark.com/products/gymshark-sport-joggers-baked-maroon-aw22,Men,,Joggers
Arrival Long Sleeve T-Shirt,Black,26.0,,https://us.shop.gymshark.com/products/gymshark-arrival-long-sleeve-t-shirt-black-ss22,Men,,T-shirt
"Sport 3"" Shorts",Fluo Lime Print,30.4,38.0,https://us.shop.gymshark.com/products/gymshark-sport-3-shorts-fluo-lime-print-aw22,Men,20.000000000000004,Shorts
315 Long Sleeve T-Shirt,Black,28.0,40.0,https://us.shop.gymshark.com/products/gymshark-form-long-sleeve-t-shirt-black-ss22,Men,30.0,T-shirt
"Apex 5"" Perform Shorts",Black,52.0,,https://us.shop.gymshark.com/products/gymshark-apex-5-perform-shorts-black-aw22,Men,,Shorts
Power Washed Stringer,Iguana Green,26.0,,https://us.shop.gymshark.com/products/gymshark-power-washed-stringer-iguana-green-aw22,Men,,Stringer
315 Seamless T-Shirt,Core Olive/Marsh Green,40.0,,https://us.shop.gymshark.com/products/gymshark-315-seamless-t-shirt-core-olive-marsh-green-aw22,Men,,T-shirt
Geo Seamless Long Sleeve T-Shirt,Bali Green/White,26.6,38.0,https://us.shop.gymshark.com/products/gymshark-geo-seamless-long-sleeve-t-shirt-bali-green-white-ss22,Men,30.0,T-shirt
315 Seamless Tank,Core Olive/Marsh Green,36.0,,https://us.shop.gymshark.com/products/gymshark-315-seamless-tank-core-olive-marsh-green-aw22,Men,,Tank
Crest Sweatshirt,Cherry Brown,36.0,,https://us.shop.gymshark.com/products/gymshark-crest-sweatshirt-cherry-brown-aw22,Men,,Sweatshirt
Arrival T-Shirt,Atlantic Blue,22.0,,https://us.shop.gymshark.com/products/gymshark-arrival-t-shirt-atlantic-blue-aw22-1,Men,,T-shirt
Geo Seamless T-Shirt,Papaya Orange/Spicy Orange,23.8,34.0,https://us.shop.gymshark.com/products/gymshark-geo-seamless-t-shirt-papaya-orange-spicy-orange-ss22,Men,30.0,T-shirt
React Stringer,Sunburst Orange,24.0,,https://us.shop.gymshark.com/products/gymshark-react-stringer-sunburst-orange-aw22,Men,,Stringer
React Drop Arm Tank,Tea Green,24.0,,https://us.shop.gymshark.com/products/gymshark-react-drop-arm-tank-tea-green-aw22,Men,,Tank
"Apex 5"" Perform Shorts",Pepper Red,52.0,,https://us.shop.gymshark.com/products/gymshark-apex-5-perform-shorts-pepper-red-aw22,Men,,Shorts
Legacy Stringer,Hoya Green,28.0,,https://us.shop.gymshark.com/products/gymshark-legacy-stringer-hoya-green-aw22,Men,,Stringer
Legacy Shorts,Coastal Blue,36.0,,https://us.shop.gymshark.com/products/gymshark-legacy-shorts-coastal-blue-aw22,Men,,Shorts
315 Long Sleeve T-Shirt,Core Olive/Marsh Green,44.0,,https://us.shop.gymshark.com/products/gymshark-315-long-sleeve-t-shirt-core-olive-marsh-green-aw22,Men,,T-shirt
Element Baselayer Leggings,Blue,22.4,32.0,https://us.shop.gymshark.com/products/gymshark-element-baselayer-leggings-blue-aw21,Men,30.000000000000004,Leggings
Power Stringer,Lakeside Blue,26.0,,https://us.shop.gymshark.com/products/gymshark-power-stringer-lakeside-blue-aw22,Men,,Stringer
315 Seamless T-Shirt,Winter Teal/Black,40.0,,https://us.shop.gymshark.com/products/gymshark-315-seamless-t-shirt-winter-teal-black-aw22,Men,,T-shirt
Power Stringer,Moss Olive,26.0,,https://us.shop.gymshark.com/products/gymshark-power-stringer-moss-olive-aw22,Men,,Stringer
Legacy Drop Arm Tank,White,22.4,28.0,https://us.shop.gymshark.com/products/gymshark-legacy-drop-arm-tank-white-ss22,Men,20.000000000000004,Tank
315 Seamless Tank,Winter Teal/Black,36.0,,https://us.shop.gymshark.com/products/gymshark-315-seamless-tank-winter-teal-black-aw22,Men,,Tank
Geo Seamless T-Shirt,Musk Lilac/Black,34.0,,https://us.shop.gymshark.com/products/gymshark-geo-seamless-t-shirt-musk-lilac-black-aw22,Men,,T-shirt
"Speed Evolve 5"" 2 In 1 Shorts",Papaya Orange,33.6,42.0,https://us.shop.gymshark.com/products/gymshark-speed-5-2-in-1-shorts-papaya-orange-ss22,Men,19.999999999999996,Shorts
315 Seamless Tank,Mercury Purple/Black,36.0,,https://us.shop.gymshark.com/products/gymshark-315-seamless-tank-mercury-purple-black-aw22,Men,,Tank
Element Baselayer Shorts,Atlantic Blue,26.0,,https://us.shop.gymshark.com/products/gymshark-element-baselayer-shorts-atlantic-blue-aw22,Men,,Shorts
"Apex 5"" Perform Shorts",Hoya Green,52.0,,https://us.shop.gymshark.com/products/gymshark-apex-5-perform-shorts-hoya-green-aw22,Men,,Shorts
Legacy Drop Arm Hoodie,Limestone Marl,42.0,,https://us.shop.gymshark.com/products/gymshark-legacy-drop-arm-hoodie-limestone-marl-aw22,Men,,Hoodie
315 LS Seamless T-Shirt,Winter Teal/Black,44.0,,https://us.shop.gymshark.com/products/gymshark-315-ls-seamless-t-shirt-winter-teal-black-aw22,Men,,T-shirt
Geo Seamless Long Sleeve T-Shirt,Musk Lilac/Black,38.0,,https://us.shop.gymshark.com/products/gymshark-geo-seamless-long-sleeve-t-shirt-musk-lilac-black-aw22,Men,,T-shirt
Retake Crew,Black Marl,70.0,,https://us.shop.gymshark.com/products/gymshark-retake-crew-black-marl-aw22,Men,,Crew
Arrival Long Sleeve T-Shirt,White,26.0,,https://us.shop.gymshark.com/products/gymshark-arrival-long-sleeve-t-shirt-white-aw22,Men,,T-shirt
Block T-Shirt,Cherry Brown,26.0,,https://us.shop.gymshark.com/products/gymshark-block-t-shirt-cherry-brown-aw22,Men,,T-shirt
"Sport 5"" 2 In 1 Shorts",Woodland Green/Hoya Green,42.0,,https://us.shop.gymshark.com/products/gymshark-sport-5-2-in-1-shorts-woodland-green-hoya-green-aw22,Men,,Shorts
Studio Joggers,Soul Brown,48.0,,https://us.shop.gymshark.com/products/gymshark-studio-joggers-soul-brown-aw22,Men,,Joggers
Studio Shorts,Cherry Brown,42.0,,https://us.shop.gymshark.com/products/gymshark-studio-shorts-cherry-brown-ss22,Men,,Shorts
Retake Seamless Long Sleeve T-Shirt,Core Olive,54.0,,https://us.shop.gymshark.com/products/gymshark-retake-seamless-long-sleeve-t-shirt-core-olive-aw22,Men,,T-shirt
Studio Jacket,Soul Brown,68.0,,https://us.shop.gymshark.com/products/gymshark-studio-jacket-soul-brown-aw22,Men,,Jacket
Studio Jacket,Onyx Grey,68.0,,https://us.shop.gymshark.com/products/gymshark-studio-jacket-onyx-grey-aw22,Men,,Jacket
Retake Seamless T-Shirt,Light Grey/Black Marl,50.0,,https://us.shop.gymshark.com/products/gymshark-retake-seamless-t-shirt-light-grey-black-marl-aw22,Men,,T-shirt
Retake Knit Joggers,Light Grey Marl,76.0,,https://us.shop.gymshark.com/products/gymshark-retake-knit-joggers-light-grey-marl-aw22,Men,,Joggers
Retake Knit Joggers,Black Marl,76.0,,https://us.shop.gymshark.com/products/gymshark-retake-knit-joggers-black-marl-aw22,Men,,Joggers
Arrival Marl T-Shirt,Shark Blue/White Marl,22.0,,https://us.shop.gymshark.com/products/gymshark-arrival-marl-t-shirt-shark-blue-white-marl-aw22,Men,,T-shirt
Apollo Crew,Light Grey Marl,36.0,,https://us.shop.gymshark.com/products/gymshark-apollo-crew-light-grey-marl-aw22,Men,,Crew
Retake Anorak,Black,90.0,,https://us.shop.gymshark.com/products/gymshark-retake-anorak-black-aw22,Men,,Anorak
Bold React Joggers,Navy,46.0,,https://us.shop.gymshark.com/products/gymshark-bold-react-joggers-navy-aw22,Men,,Joggers
315 Seamless 1/2 Shorts,Cherry Brown/Athletic Maroon,25.2,36.0,https://us.shop.gymshark.com/products/gymshark-315-seamless-1-2-shorts-cherry-brown-athletic-maroon-ss22,Men,30.000000000000004,Shorts
315 Seamless Tights,Winter Teal/Black,46.0,,https://us.shop.gymshark.com/products/gymshark-315-seamless-tights-winter-teal-black-aw22,Men,,Tights
Vital Seamless Light Tank,Charcoal Grey Marl,18.2,26.0,https://us.shop.gymshark.com/products/gymshark-vital-light-tank-charcoal-grey-marl-ss22,Men,30.000000000000004,Tank
Element Baselayer Shorts,Core Olive,20.8,26.0,https://us.shop.gymshark.com/products/gymshark-element-baselayer-shorts-core-olive-ss22,Men,20.0,Shorts
Crest Sweatshirt,Pebble Grey,36.0,,https://us.shop.gymshark.com/products/gymshark-crest-sweatshirt-pebble-grey-aw22,Men,,Sweatshirt
"Sport 5"" Shorts",Black,38.0,,https://us.shop.gymshark.com/products/gymshark-sport-5-shorts-black-aw22,Men,,Shorts
Arrival T-Shirt,Black,22.0,,https://us.shop.gymshark.com/products/gymshark-arrival-t-shirt-black-ss22,Men,,T-shirt
Power T-Shirt,Lakeside Blue,36.0,,https://us.shop.gymshark.com/products/gymshark-power-t-shirt-lakeside-blue-aw22,Men,,T-shirt
"Arrival 7"" Shorts",Atlantic Blue,20.8,26.0,https://us.shop.gymshark.com/products/gymshark-arrival-7-shorts-atlantic-blue-aw22,Men,20.0,Shorts
Critical 2.0 Drop Arm Tank,Black,22.4,28.0,https://us.shop.gymshark.com/products/gymshark-critical-drop-arm-tank-black-aw21,Men,20.000000000000004,Tank
Arrival T-Shirt,Navy,22.0,,https://us.shop.gymshark.com/products/gymshark-arrival-t-shirt-navy-ss22,Men,,T-shirt
315 Long Sleeve T-Shirt,Black,30.8,44.0,https://us.shop.gymshark.com/products/gymshark-315-long-sleeve-t-shirt-black-ss22,Men,30.0,T-shirt
Sport Stripe T-Shirt,Firefly Green,9.6,32.0,https://us.shop.gymshark.com/products/gymshark-sport-graphic-t-shirt-firefly-green-ss22,Men,70.0,T-shirt
Geo Seamless T-Shirt,Off White/Light Grey,28.8,36.0,https://us.shop.gymshark.com/products/gymshark-geo-seamless-t-shirt-off-white-light-grey-ss22,Men,20.0,T-shirt
315 T-Shirt,Light Grey,21.6,36.0,https://us.shop.gymshark.com/products/gymshark-form-t-shirt-light-grey-ss22,Men,40.0,T-shirt
Element Baselayer Leggings ,Dark Green,22.4,32.0,https://us.shop.gymshark.com/products/gymshark-element-baselayer-leggings-dark-green-aw21,Men,30.000000000000004,Leggings
Block Stringer,Light Grey Marl,17.6,22.0,https://us.shop.gymshark.com/products/gymshark-block-stringer-light-grey-marl-aw22,Men,19.999999999999993,Stringer
Speed Evolve Tank,Black,21.0,30.0,https://us.shop.gymshark.com/products/gymshark-speed-tank-black-ss22,Men,30.0,Tank
Critical Drop Arm Tank,Green Print,16.8,28.0,https://us.shop.gymshark.com/products/gymshark-critical-drop-arm-tank-green-print-ss22,Men,40.0,Tank
Essential Oversized Joggers,Pebble Grey,44.0,,https://us.shop.gymshark.com/products/gymshark-essential-oversized-joggers-pebble-grey-aw22,Men,,Joggers
Arrival Long Sleeve T-Shirt,Navy,26.0,,https://us.shop.gymshark.com/products/gymshark-arrival-long-sleeve-t-shirt-navy-ss22,Men,,T-shirt
Power Washed Rag Top,Black,46.0,,https://us.shop.gymshark.com/products/gymshark-power-washed-rag-top-black-aw22,Men,,Top
Geo Seamless T-Shirt,White/Moonstone Blue,28.8,36.0,https://us.shop.gymshark.com/products/gymshark-geo-seamless-t-shirt-white-moonstone-blue-ss22,Men,20.0,T-shirt
Legacy Shorts,Light Grey Core Marl,28.8,36.0,https://us.shop.gymshark.com/products/gymshark-legacy-short-light-grey-core-marl-ss22,Men,20.0,Shorts
Block T-Shirt,Core Olive,26.0,,https://us.shop.gymshark.com/products/gymshark-block-t-shirt-core-olive-aw22,Men,,T-shirt
Apex Seamless Tank,Shark Blue/Atlantic Blue,42.0,,https://us.shop.gymshark.com/products/gymshark-apex-seamless-tank-shark-blue-atlantic-blue-aw22,Men,,Tank
React Tank,Core Olive,24.0,,https://us.shop.gymshark.com/products/gymshark-react-tank-core-olive-aw22,Men,,Tank
Essential Oversized Joggers,Moss Olive,44.0,,https://us.shop.gymshark.com/products/gymshark-essential-oversized-joggers-moss-olive-aw22,Men,,Joggers
Sport Joggers,Black,52.0,,https://us.shop.gymshark.com/products/gymshark-sport-joggers-black-aw22,Men,,Joggers
Essential Oversized T-Shirt,Navy,26.0,,https://us.shop.gymshark.com/products/gymshark-oversized-t-shirt-navy-aw21,Men,,T-shirt
Element Baselayer T-Shirt,White,25.0,,https://us.shop.gymshark.com/products/gymshark-element-baselayer-t-shirt-white-aw21,Men,,T-shirt
"Sport 3"" Shorts",Black,38.0,,https://us.shop.gymshark.com/products/gymshark-sport-3-shorts-black-aw22,Men,,Shorts
"Apex 5"" Perform Shorts",Neptune Purple,52.0,,https://us.shop.gymshark.com/products/gymshark-apex-5-perform-shorts-neptune-purple-aw22,Men,,Shorts
Legacy Shorts,Limestone Marl,36.0,,https://us.shop.gymshark.com/products/gymshark-legacy-shorts-limestone-marl-aw22,Men,,Shorts
Trunk 2pk,White,20.0,,https://us.shop.gymshark.com/products/gymshark-trunk-2pk-white-aw21,Accessory,,Other
Arrival Sleeveless T-Shirt,Core Olive,16.0,20.0,https://us.shop.gymshark.com/products/gymshark-arrival-sleeveless-t-shirt-core-olive-ss22,Men,20.0,T-shirt
"Arrival 7"" Shorts",Pepper Red,26.0,,https://us.shop.gymshark.com/products/gymshark-arrival-7-shorts-pepper-red-aw22,Men,,Shorts
Legacy Hoodie,Black,48.0,,https://us.shop.gymshark.com/products/gymshark-legacy-hoodie-black-ss22,Men,,Hoodie
Power Washed Stringer,Cement Brown,26.0,,https://us.shop.gymshark.com/products/gymshark-power-washed-stringer-cement-brown-aw22,Men,,Stringer
Arrival T-Shirt,Atlantic Blue,22.0,,https://us.shop.gymshark.com/products/gymshark-arrival-t-shirt-atlantic-blue-aw22,Men,,T-shirt
Apex Seamless T-Shirt,Stellar Blue/Lakeside Blue,44.0,,https://us.shop.gymshark.com/products/gymshark-apex-seamless-t-shirt-stellar-blue-lakeside-blue-aw22,Men,,T-shirt
Crest Shorts,Core Olive,24.0,,https://us.shop.gymshark.com/products/gymshark-crest-shorts-core-olive-ss22,Men,,Shorts
Critical Drop Arm Tank,Turbo Blue,19.6,28.0,https://us.shop.gymshark.com/products/gymshark-critical-drop-arm-tank-turbo-blue-ss22,Men,29.999999999999993,Tank
"Apex 8"" Function Shorts",Court Blue,39.2,56.0,https://us.shop.gymshark.com/products/gymshark-apex-8-function-shorts-court-blue-ss22,Men,29.999999999999993,Shorts
Crest Sweatshirt,Navy,36.0,,https://us.shop.gymshark.com/products/gymshark-crest-sweatshirt-navy-ss22,Men,,Sweatshirt
Rest Day Sweats Joggers,Dusty Taupe,60.0,,https://us.shop.gymshark.com/products/gymshark-rest-day-sweats-joggers-dusty-taupe-aw22,Men,,Joggers
Element Baselayer Long Sleeve Top,Atlantic Blue,30.0,,https://us.shop.gymshark.com/products/gymshark-element-baselayer-long-sleeve-top-atlantic-blue-aw22,Men,,Top
Crest Sweatshirt,Kiwi Green,36.0,,https://us.shop.gymshark.com/products/gymshark-crest-sweatshirt-kiwi-green-aw22,Men,,Sweatshirt
Element Baselayer Long Sleeve T-Shirt,White,30.0,,https://us.shop.gymshark.com/products/gymshark-element-baselayer-long-sleeve-t-shirt-white-aw21,Men,,T-shirt
Studio Hoodie,Soul Brown,56.0,,https://us.shop.gymshark.com/products/gymshark-studio-hoodie-soul-brown-aw22,Men,,Hoodie
Arrival T-Shirt,Iceberg Blue/Icy Blue Marl,22.0,,https://us.shop.gymshark.com/products/gymshark-arrival-t-shirt-iceberg-blue-icy-blue-marl-aw22,Men,,T-shirt
Bold React Joggers,Cherry Brown,46.0,,https://us.shop.gymshark.com/products/gymshark-bold-react-joggers-cherry-brown-aw22,Men,,Joggers
Apollo Long Sleeve T-Shirt,Obsidian Green,26.0,,https://us.shop.gymshark.com/products/gymshark-apollo-long-sleeve-t-shirt-obsidian-green-aw22,Men,,T-shirt
Woven Tab Sneaker Socks 3pk,Kiwi Green/Sweet Pink/Fluo Fuchsia,12.8,16.0,https://us.shop.gymshark.com/products/gymshark-woven-tab-sneaker-socks-3pk-kiwi-green-sweet-pink-fluo-fuchsia-aw22,Accessory,19.999999999999996,Other
No Show Performance Socks,Black,9.6,12.0,https://us.shop.gymshark.com/products/gymshark-no-show-performance-socks-black,Accessory,20.000000000000004,Other
Arrival Seamless Tank,Black Marl,16.0,20.0,https://us.shop.gymshark.com/products/gymshark-arrival-seamless-tank-black-marl-aw21,Men,20.0,Tank
Comfy Rest Day Socks,White,12.0,,https://us.shop.gymshark.com/products/gymshark-comfy-rest-day-socks-white-1,Accessory,,Other
Crew Socks 5pk,White,24.0,,https://us.shop.gymshark.com/products/gymshark-crew-socks-5pk-white-aw22,Accessory,,Other
Vital Light Seamless T-Shirt,Charcoal Marl,19.2,24.0,https://us.shop.gymshark.com/products/gymshark-vital-t-shirt-charcoal-marl-white-logo,Men,20.000000000000004,T-shirt
Arrival Seamless Long Sleeve T-Shirt,Grey,24.0,30.0,https://us.shop.gymshark.com/products/gymshark-arrival-seamless-long-sleeve-t-shirt-grey-aw21,Men,20.0,T-shirt
Legacy Lifting Gloves,Black,22.0,,https://us.shop.gymshark.com/products/gymshark-legacy-lifting-gloves-black-ss22,Accessory,,Other
Crew Performance Socks,White,12.8,16.0,https://us.shop.gymshark.com/products/gymshark-crew-performance-socks-white-aw22,Accessory,19.999999999999996,Other
Apex Perform T-shirt,Green,28.0,40.0,https://us.shop.gymshark.com/products/gymshark-apex-seamless-t-shirt-green-gs21,Men,30.0,T-shirt
Sharkhead Infill T-Shirt,Charcoal Grey Marl,16.8,24.0,https://us.shop.gymshark.com/products/gymshark-sharkhead-infill-t-shirt-charcoal-grey-marl-aw22,Men,30.0,T-shirt
Power T-Shirt,Cherry Brown,36.0,,https://us.shop.gymshark.com/products/gymshark-power-t-shirt-cherry-brown-ss22,Men,,T-shirt
Critical 2.0 Stringer,Navy,16.8,28.0,https://us.shop.gymshark.com/products/gymshark-critical-stringer-navy-aw21,Men,40.0,Stringer
"Apex 5"" Perform Shorts",Silhouette Grey,52.0,,https://us.shop.gymshark.com/products/gymshark-apex-5-perform-shorts-silhouette-grey-aw22,Men,,Shorts
Crest Joggers,Core Olive,38.0,,https://us.shop.gymshark.com/products/gymshark-crest-joggers-core-olive-aw22,Men,,Joggers
Power T-Shirt,Moss Olive,36.0,,https://us.shop.gymshark.com/products/gymshark-power-t-shirt-moss-olive-aw22,Men,,T-shirt
Apex Seamless T-Shirt,Papaya Orange/Onyx Grey,26.4,44.0,https://us.shop.gymshark.com/products/gymshark-apex-seamless-t-shirt-papaya-orange-onyx-grey-ss22,Men,40.0,T-shirt
Element Baselayer Leggings,Burgundy,22.4,32.0,https://us.shop.gymshark.com/products/gymshark-element-baselayer-leggings-burgundy-aw21,Men,30.000000000000004,Leggings
Sport Stripe Tank,Onyx Grey,11.2,28.0,https://us.shop.gymshark.com/products/gymshark-sport-tank-onyx-grey-ss22,Men,60.0,Tank
Critical Stringer,Green Print,16.8,28.0,https://us.shop.gymshark.com/products/gymshark-critical-stringer-green-print-ss22,Men,40.0,Stringer
Legacy Drop Arm Hoodie,Black,42.0,,https://us.shop.gymshark.com/products/gymshark-legacy-drop-arm-hoodie-black-aw22,Men,,Hoodie
Crest Hoodie,Cherry Brown,40.0,,https://us.shop.gymshark.com/products/gymshark-crest-hoodie-cherry-brown-aw22,Men,,Hoodie
Arrival Marl T-Shirt,Athletic Blue/Javelin Blue Marl,17.6,22.0,https://us.shop.gymshark.com/products/gymshark-arrival-marl-t-shirt-athletic-blue-javelin-blue-marl-ss22,Men,19.999999999999993,T-shirt
Speed Evolve T-Shirt,Papaya Orange,10.2,34.0,https://us.shop.gymshark.com/products/gymshark-speed-t-shirt-papaya-orange-ss22,Men,70.0,T-shirt
"Apex 5"" Perform Shorts",Firefly Green,36.4,52.0,https://us.shop.gymshark.com/products/gymshark-apex-5-perform-shorts-firefly-green-ss22,Men,30.000000000000004,Shorts
Arrival T-Shirt,Papaya Orange,15.4,22.0,https://us.shop.gymshark.com/products/gymshark-arrival-t-shirt-papaya-orange-ss22,Men,30.0,T-shirt
Critical T-Shirt,Black Print,12.8,32.0,https://us.shop.gymshark.com/products/gymshark-critical-t-shirt-black-print-ss22,Men,60.0,T-shirt
Power Washed Rag Top,Cement Brown,46.0,,https://us.shop.gymshark.com/products/gymshark-power-washed-rag-top-cement-brown-aw22,Men,,Top
Legacy T-Shirt,Black,32.0,,https://us.shop.gymshark.com/products/gymshark-legacy-t-shirt-black-aw22,Men,,T-shirt
"Sport 5"" Shorts",Hoya Green/Woodland Green,38.0,,https://us.shop.gymshark.com/products/gymshark-sport-5-shorts-hoya-green-woodland-green-aw22,Men,,Shorts
Legacy T-Shirt,Limestone Marl,32.0,,https://us.shop.gymshark.com/products/gymshark-legacy-t-shirt-limestone-marl-aw22,Men,,T-shirt
Legacy Drop Arm Tank,Black,28.0,,https://us.shop.gymshark.com/products/gymshark-legacy-drop-arm-tank-black-ss22,Men,,Tank
"Arrival 5"" Shorts",Fluo Mint,26.0,,https://us.shop.gymshark.com/products/gymshark-arrival-5-shorts-fluo-mint-aw22,Men,,Shorts
Crest Joggers,Pebble Grey,38.0,,https://us.shop.gymshark.com/products/gymshark-crest-joggers-pebble-grey-aw22,Men,,Joggers
Crest Shorts,Pebble Grey,24.0,,https://us.shop.gymshark.com/products/gymshark-crest-shorts-pebble-grey-aw22,Men,,Shorts
"Power Washed 5"" Shorts",Rose Brown,42.0,,https://us.shop.gymshark.com/products/gymshark-power-washed-5-shorts-rose-brown-aw22,Men,,Shorts
Essential Oversized T-Shirt,Light Grey,26.0,,https://us.shop.gymshark.com/products/gymshark-essential-oversized-t-shirt-light-grey-ss22,Men,,T-shirt
Legacy T-Shirt,Hoya Green,32.0,,https://us.shop.gymshark.com/products/gymshark-legacy-t-shirt-hoya-green-aw22,Men,,T-shirt
Arrival T-Shirt,Red Print,15.4,22.0,https://us.shop.gymshark.com/products/gymshark-arrival-t-shirt-red-print-gsaw21,Men,30.0,T-shirt
Block T-Shirt,Shark Blue,26.0,,https://us.shop.gymshark.com/products/gymshark-block-t-shirt-shark-blue-aw22,Men,,T-shirt
Rest Day Sweats 4'' Lounge Shorts,Sage Green,32.0,,https://us.shop.gymshark.com/products/gymshark-rest-day-sweats-4-lounge-shorts-sage-green-aw22,Men,,Shorts
Studio Shorts,Core Olive,42.0,,https://us.shop.gymshark.com/products/gymshark-studio-shorts-core-olive-ss22,Men,,Shorts
Rest Day Sweats 4'' Lounge Shorts,Toffee Brown,32.0,,https://us.shop.gymshark.com/products/gymshark-rest-day-sweats-4-lounge-shorts-toffee-brown-aw22,Men,,Shorts
Legacy Long Sleeve T-Shirt,Limestone Marl,34.0,,https://us.shop.gymshark.com/products/gymshark-legacy-long-sleeve-t-shirt-limestone-marl-aw22,Men,,T-shirt
Power Washed Rag Top,Shaded Lilac,46.0,,https://us.shop.gymshark.com/products/gymshark-power-washed-rag-top-shaded-lilac-aw22,Men,,Top
Studio Hoodie,Rose Brown,56.0,,https://us.shop.gymshark.com/products/gymshark-studio-hoodie-rose-brown-aw22,Men,,Hoodie
Rest Day 1/4 Zip,Onyx Grey,52.0,,https://us.shop.gymshark.com/products/gymshark-rest-day-1-4-zip-onyx-grey-aw22,Men,,Zip
Arrival Crew Sweatshirt,Charcoal,25.2,36.0,https://us.shop.gymshark.com/products/gymshark-arrival-crew-sweatshirt-charcoal-logo,Men,30.000000000000004,Sweatshirt
Rest Day Sweats Joggers,Sage Green,60.0,,https://us.shop.gymshark.com/products/gymshark-rest-day-sweats-joggers-sage-green-aw22,Men,,Joggers
Studio Hoodie,Onyx Grey,56.0,,https://us.shop.gymshark.com/products/gymshark-studio-hoodie-onyx-grey-aw22,Men,,Hoodie
Element Baselayer Long Sleeve T-Shirt,Black,30.0,,https://us.shop.gymshark.com/products/gymshark-element-baselayer-long-sleeve-t-shirt-black-aw21,Men,,T-shirt
Apollo T-Shirt,Obsidian Green,22.0,,https://us.shop.gymshark.com/products/gymshark-apollo-muscle-fit-t-shirt-obsidian-green-aw22,Men,,T-shirt
Rest Day Sweats 4'' Lounge Shorts,Navy,32.0,,https://us.shop.gymshark.com/products/gymshark-rest-day-sweats-4-lounge-shorts-navy-aw22,Men,,Shorts
Geo Seamless T-Shirt,Navy/Fog Blue,27.2,34.0,https://us.shop.gymshark.com/products/gymshark-geo-seamless-t-shirt-navy-fog-blue-ss22,Men,20.0,T-shirt
Apollo Long Sleeve T-Shirt,Black,26.0,,https://us.shop.gymshark.com/products/gymshark-apollo-long-sleeve-muscle-fit-t-shirt-black-aw22,Men,,T-shirt
Power Washed Crew,Black,56.0,,https://us.shop.gymshark.com/products/gymshark-power-washed-crew-black-aw22,Men,,Crew
Apollo T-Shirt,Black,22.0,,https://us.shop.gymshark.com/products/gymshark-apollo-muscle-fit-t-shirt-black-aw22,Men,,T-shirt
Legacy Stringer,Coastal Blue,28.0,,https://us.shop.gymshark.com/products/gymshark-legacy-stringer-coastal-blue-aw22,Men,,Stringer
Hybrid Boxer,Taupe Grey/Onyx Grey,20.0,,https://us.shop.gymshark.com/products/gymshark-hybrid-boxer-taupe-grey-onyx-grey-ss22,Accessory,,Other
Arrival Sleeveless T-Shirt,Navy,16.0,20.0,https://us.shop.gymshark.com/products/gymshark-arrival-sleeveless-t-shirt-navy-ss22,Men,20.0,T-shirt
Bold T-Shirt,Navy,21.0,30.0,https://us.shop.gymshark.com/products/gymshark-bold-t-shirt-navy-ss22,Men,30.0,T-shirt
Bold T-Shirt,Grey Print,21.0,30.0,https://us.shop.gymshark.com/products/gymshark-bold-t-shirt-grey-print-ss22,Men,30.0,T-shirt
Bold T-Shirt,Grey,21.0,30.0,https://us.shop.gymshark.com/products/gymshark-bold-t-shirt-grey-aw21,Men,30.0,T-shirt
Arrival Seamless Tank,Grey,16.0,20.0,https://us.shop.gymshark.com/products/gymshark-arrival-seamless-tank-grey-aw21,Men,20.0,Tank
Arrival Seamless T-Shirt,Grey,17.6,22.0,https://us.shop.gymshark.com/products/gymshark-arrival-seamless-t-shirt-grey-aw21,Men,19.999999999999993,T-shirt
Bold Stringer,Navy,20.0,25.0,https://us.shop.gymshark.com/products/gymshark-bold-stringer-navy-ss22,Men,20.0,Stringer
Vital Light seamless T-Shirt,Yellow Marl,24.0,30.0,https://us.shop.gymshark.com/products/gymshark-vital-t-shirt-yellow-marl,Men,20.0,T-shirt
Studio Shorts,Black,42.0,,https://us.shop.gymshark.com/products/gymshark-studio-shorts-black-aw21,Men,,Shorts
Apex Technical Joggers,Onyx Grey,43.2,72.0,https://us.shop.gymshark.com/products/gymshark-apex-technical-joggers-onyx-grey-ss22,Men,40.0,Joggers
Sharkhead Infill T-Shirt,Atlantic Blue,16.8,24.0,https://us.shop.gymshark.com/products/gymshark-sharkhead-infill-t-shirt-atlantic-blue-aw22,Men,30.0,T-shirt
Essential T-Shirt,Charcoal Grey Marl,20.8,26.0,https://us.shop.gymshark.com/products/gymshark-essential-t-shirt-charcoal-grey-marl-aw22,Men,20.0,T-shirt
Arrival T-Shirt,Core Olive,17.6,22.0,https://us.shop.gymshark.com/products/gymshark-arrival-t-shirt-core-olive-ss22,Men,19.999999999999993,T-shirt
Essential Oversized T-Shirt,Core Olive,26.0,,https://us.shop.gymshark.com/products/gymshark-essential-oversized-t-shirt-core-olive-ss22,Men,,T-shirt
"Sport Stripe 7"" Shorts",Light Grey,18.0,30.0,https://us.shop.gymshark.com/products/gymshark-sport-shorts-light-grey-ss22,Men,40.0,Shorts
"Arrival 5"" Shorts",Atlantic Blue,20.8,26.0,https://us.shop.gymshark.com/products/gymshark-arrival-5-shorts-atlantic-blue-aw22,Men,20.0,Shorts
"Sport Stripe 7"" Shorts",Core Olive,18.0,30.0,https://us.shop.gymshark.com/products/gymshark-sport-shorts-core-olive-ss22,Men,40.0,Shorts
"Sport Stripe 7"" Shorts",Court Blue,18.0,30.0,https://us.shop.gymshark.com/products/gymshark-sport-shorts-court-blue-ss22,Men,40.0,Shorts
Essential T-Shirt,Rose Brown,20.8,26.0,https://us.shop.gymshark.com/products/gymshark-essential-t-shirt-rose-brown-aw22,Men,20.0,T-shirt
Arrival Shorts,Papaya Orange,20.8,26.0,https://us.shop.gymshark.com/products/gymshark-arrival-7-shorts-papaya-orange-ss22,Men,20.0,Shorts
Essential T-Shirt,Core Olive,20.8,26.0,https://us.shop.gymshark.com/products/gymshark-essential-ss-slim-tee-core-olive-ss22,Men,20.0,T-shirt
Arrival Graphic T-Shirt,White,15.4,22.0,https://us.shop.gymshark.com/products/gymshark-arrival-graphic-t-shirt-white-aw21,Men,30.0,T-shirt
Sport Stripe T-Shirt,Bali Green,9.6,32.0,https://us.shop.gymshark.com/products/gymshark-sport-graphic-t-shirt-bali-green-ss22,Men,70.0,T-shirt
Sharkhead Infill T-Shirt,Storm Red,16.8,24.0,https://us.shop.gymshark.com/products/gymshark-sharkhead-infill-t-shirt-storm-red-aw22,Men,30.0,T-shirt
Essential T-Shirt,Atlantic Blue,20.8,26.0,https://us.shop.gymshark.com/products/gymshark-essential-t-shirt-atlantic-blue-aw22,Men,20.0,T-shirt
Arrival T-Shirt,Smokey Grey,15.4,22.0,https://us.shop.gymshark.com/products/gymshark-arrival-t-shirt-smokey-grey-ss22,Men,30.0,T-shirt
Apex Technical Joggers,Silhouette Grey,50.4,72.0,https://us.shop.gymshark.com/products/gymshark-apex-technical-joggers-silhouette-grey-aw22,Men,30.000000000000004,Joggers
Sharkhead Infill Hoodie,Cherry Brown,30.8,44.0,https://us.shop.gymshark.com/products/gymshark-sharkhead-infill-hoodie-cherry-brown-aw22,Men,30.0,Hoodie
Arrival Graphic T-Shirt,Smokey Grey,15.4,22.0,https://us.shop.gymshark.com/products/gymshark-arrival-graphic-t-shirt-smokey-grey-ss22,Men,30.0,T-shirt
Sharkhead Infill Hoodie,Storm Red,30.8,44.0,https://us.shop.gymshark.com/products/gymshark-sharkhead-infill-hoodie-storm-red-aw22,Men,30.0,Hoodie
Arrival T-Shirt,Silhouette Grey,22.0,,https://us.shop.gymshark.com/products/gymshark-arrival-slim-t-shirt-silhouette-grey-aw22,Men,,T-shirt
Legacy Hoodie,Black,48.0,,https://us.shop.gymshark.com/products/gymshark-legacy-hoodie-black-aw22,Men,,Hoodie
Crest T-Shirt,Cherry Brown,22.0,,https://us.shop.gymshark.com/products/gymshark-crest-t-shirt-cherry-brown-aw22,Men,,T-shirt
Geo Seamless Long Sleeve T-Shirt,White/Moonstone Blue,28.0,40.0,https://us.shop.gymshark.com/products/gymshark-geo-seamless-long-sleeve-t-shirt-white-moonstone-blue-ss22,Men,30.0,T-shirt
Geo Seamless T-Shirt,Cherry Brown/Black,27.2,34.0,https://us.shop.gymshark.com/products/gymshark-geo-seamless-t-shirt-cherry-brown-black-ss22,Men,20.0,T-shirt
Power Washed Rag Top,Iguana Green,46.0,,https://us.shop.gymshark.com/products/gymshark-power-washed-rag-top-iguana-green-aw22,Men,,Top
Apex T-Shirt,Neptune Purple/Velvet Purple,46.0,,https://us.shop.gymshark.com/products/gymshark-apex-t-shirt-neptune-purple-velvet-purple-aw22,Men,,T-shirt
Arrival Shorts,Charcoal Grey,26.0,,https://us.shop.gymshark.com/products/gymshark-arrival-7-shorts-charcoal-grey-ss22,Men,,Shorts
"Sport Stripe 7"" Short",Firefly Green,12.0,30.0,https://us.shop.gymshark.com/products/gymshark-sport-short-firefly-green-ss22,Men,60.0,Short
React Drop Arm Tank,Salsa Red,24.0,,https://us.shop.gymshark.com/products/gymshark-react-drop-arm-tank-salsa-red-aw22,Men,,Tank
Rest Day Sweats T-Shirt,Navy,28.0,,https://us.shop.gymshark.com/products/gymshark-rest-day-sweats-t-shirt-navy-aw22,Men,,T-shirt
"Apex 5"" Perform Shorts",Cherry Brown,52.0,,https://us.shop.gymshark.com/products/gymshark-apex-5-perform-shorts-cherry-brown-aw22,Men,,Shorts
Power Stringer,Cherry Brown,18.2,26.0,https://us.shop.gymshark.com/products/gymshark-power-stringer-cherry-brown-ss22,Men,30.000000000000004,Stringer
"Apex 8"" Function Shorts",Rich Purple,39.2,56.0,https://us.shop.gymshark.com/products/gymshark-apex-8-function-shorts-rich-purple-ss22,Men,29.999999999999993,Shorts
Legacy Drop Arm Tank,Light Grey Core Marl,22.4,28.0,https://us.shop.gymshark.com/products/gymshark-legacy-drop-arm-tank-light-grey-core-marl-ss22,Men,20.000000000000004,Tank
"Arrival 5"" Shorts",Pepper Red,26.0,,https://us.shop.gymshark.com/products/gymshark-arrival-5-shorts-pepper-red-aw22,Men,,Shorts
Critical 2.0 Drop Arm Tank,Navy,19.6,28.0,https://us.shop.gymshark.com/products/gymshark-critical-drop-arm-tank-navy-aw21,Men,29.999999999999993,Tank
Legacy T-Shirt,Black,32.0,,https://us.shop.gymshark.com/products/gymshark-legacy-t-shirt-black-ss22,Men,,T-shirt
Arrival Sleeveless T-Shirt,Smokey Grey,16.0,20.0,https://us.shop.gymshark.com/products/gymshark-arrival-sleeveless-t-shirt-smokey-grey-ss22,Men,20.0,T-shirt
Apollo Long Sleeve T-Shirt,Light Grey Marl,26.0,,https://us.shop.gymshark.com/products/gymshark-apollo-long-sleeve-t-shirt-light-grey-marl-aw22,Men,,T-shirt
Element Baselayer T-Shirt,Black,25.0,,https://us.shop.gymshark.com/products/gymshark-element-baselayer-t-shirt-black-aw21,Men,,T-shirt
Arrival 1/4 Zip Pullover,Core Olive,28.0,40.0,https://us.shop.gymshark.com/products/gymshark-arrival-1-4-zip-pullover-core-olive-ss22,Men,30.0,Pullover
Essential Oversized T-Shirt,Nevada Pink,26.0,,https://us.shop.gymshark.com/products/gymshark-essential-oversized-t-shirt-nevada-pink-ss22,Men,,T-shirt
Arrival T-Shirt,Fluo Mint,22.0,,https://us.shop.gymshark.com/products/gymshark-arrival-slim-t-shirt-fluo-mint-aw22,Men,,T-shirt
Legacy Rag Top,Coastal Blue,42.0,,https://us.shop.gymshark.com/products/gymshark-legacy-rag-top-coastal-blue-aw22,Men,,Top
Apex Jacket,Black,72.0,90.0,https://us.shop.gymshark.com/products/gymshark-apex-jacket-black-aw22,Men,20.0,Jacket
Legacy Drop Arm Tank,Coastal Blue,28.0,,https://us.shop.gymshark.com/products/gymshark-legacy-drop-arm-tank-coastal-blue-aw22,Men,,Tank
Studio Shorts,Grey,42.0,,https://us.shop.gymshark.com/products/gymshark-studio-shorts-grey-aw21,Men,,Shorts
Critical 2.0 Stringer,Dark Green,19.6,28.0,https://us.shop.gymshark.com/products/gymshark-critical-stringer-dark-green-aw21,Men,29.999999999999993,Stringer
Apollo T-Shirt,Light Grey Marl,22.0,,https://us.shop.gymshark.com/products/gymshark-apollo-muscle-fit-t-shirt-light-grey-marl-aw22-logo,Men,,T-shirt
"Sport 5"" Shorts",Salsa Red/ Baked Maroon,38.0,,https://us.shop.gymshark.com/products/gymshark-sport-5-shorts-salsa-red-baked-maroon-aw22,Men,,Shorts
Apollo T-Shirt,Storm Red,22.0,,https://us.shop.gymshark.com/products/gymshark-apollo-muscle-fit-t-shirt-storm-red-logo-aw22,Men,,T-shirt
Rest Day Sweats Long Sleeve T-Shirt,Sage Green,32.0,,https://us.shop.gymshark.com/products/gymshark-rest-day-sweats-long-sleeve-t-shirt-sage-green-aw22,Men,,T-shirt
Apex Seamless Tank,Firefly Green/White,29.4,42.0,https://us.shop.gymshark.com/products/gymshark-apex-seamless-tank-firefly-green-white-ss22,Men,30.000000000000004,Tank
React Joggers,Navy,36.8,46.0,https://us.shop.gymshark.com/products/gymshark-react-joggers-navy-aw22,Men,20.000000000000007,Joggers
React Joggers,Tea Green,36.8,46.0,https://us.shop.gymshark.com/products/gymshark-react-joggers-tea-green-aw22,Men,20.000000000000007,Joggers
Bold Drop Arm Tank,Black,24.0,,https://us.shop.gymshark.com/products/gymshark-bold-drop-arm-tank-black-aw21,Men,,Tank
Arrival Marl Long Sleeve T-Shirt,Navy Marl,24.0,30.0,https://us.shop.gymshark.com/products/gymshark-arrival-marl-long-sleeve-t-shirt-navy-marl-aw21,Men,20.0,T-shirt
Arrival Marl T-Shirt,Charcoal Marl,22.0,,https://us.shop.gymshark.com/products/gymshark-arrival-marl-t-shirt-charcoal-marl-gsaw21,Men,,T-shirt
Legacy Drop Arm Tank,Black,28.0,,https://us.shop.gymshark.com/products/gymshark-legacy-drop-arm-tank-black-aw22,Men,,Tank
Critical 2.0 Stringer,Dark Green Print,19.6,28.0,https://us.shop.gymshark.com/products/gymshark-critical-stringer-dark-green-print-aw21,Men,29.999999999999993,Stringer
"Arrival 5"" Shorts",Dark Green,26.0,,https://us.shop.gymshark.com/products/gymshark-arrival-5-shorts-dark-green-white-logo,Men,,Shorts
Critical Drop Arm Tank,Black,16.0,20.0,https://us.shop.gymshark.com/products/gymshark-critical-drop-armhole-tank-black,Men,20.0,Tank
Critical Drop Arm Tank,White,16.0,20.0,https://us.shop.gymshark.com/products/gymshark-critical-drop-armhole-tank-white,Men,20.0,Tank
Sports Tech Boxers 2pk,Black/Core Olive,20.0,25.0,https://us.shop.gymshark.com/products/gymshark-sports-tech-boxers-2pk-black-core-olive-ss22,Accessory,20.0,Other
Vital Light Shorts,Black Marl,25.2,36.0,https://us.shop.gymshark.com/products/gymshark-vital-light-shorts-black-marl-ss22,Men,30.000000000000004,Shorts
Crew Socks 3pk,White,16.0,,https://us.shop.gymshark.com/products/gymshark-crew-socks-3pk-white-aw21,Accessory,,Other
Bold Shorts,Cherry Brown,21.0,30.0,https://us.shop.gymshark.com/products/gymshark-bold-shorts-cherry-brown-ss22,Men,30.0,Shorts
Studio Socks,Black,9.6,12.0,https://us.shop.gymshark.com/products/gymshark-studio-socks-black-aw21,Accessory,20.000000000000004,Other
Premium Sharkhead Crew Single,White,12.0,,https://us.shop.gymshark.com/products/gymshark-premium-sharkhead-crew-single-white-aw22,Accessory,,Other
Bold T-Shirt,Clay Orange,21.0,30.0,https://us.shop.gymshark.com/products/gymshark-bold-t-shirt-clay-orange-ss22,Men,30.0,T-shirt
Bold T-Shirt,Pebble Grey,21.0,30.0,https://us.shop.gymshark.com/products/gymshark-bold-t-shirt-pebble-grey-ss22,Men,30.0,T-shirt
Studio Socks,Rose Brown,9.6,12.0,https://us.shop.gymshark.com/products/gymshark-studio-socks-rose-brown-aw22,Accessory,20.000000000000004,Other
"Recess 3"" Shorts",Maya Blue/White,21.0,30.0,https://us.shop.gymshark.com/products/gymshark-recess-3-shorts-maya-blue-white-ss22,Men,30.0,Shorts
Bold T-Shirt,Green,21.0,30.0,https://us.shop.gymshark.com/products/gymshark-bold-t-shirt-green-aw21,Men,30.0,T-shirt
315 Seamless Tights,Cherry Brown/Athletic Maroon,27.6,46.0,https://us.shop.gymshark.com/products/gymshark-315-seamless-tights-cherry-brown-athletic-maroon-ss22,Men,40.0,Tights
Arrival Seamless Long Sleeve T-Shirt,Black Marl,24.0,30.0,https://us.shop.gymshark.com/products/gymshark-arrival-seamless-long-sleeve-t-shirt-black-marl-aw21,Men,20.0,T-shirt
No Show Performance Socks,White,9.6,12.0,https://us.shop.gymshark.com/products/gymshark-no-show-performance-socks-white,Accessory,20.000000000000004,Other
Comfy Rest Day Socks,Soft Lilac,12.0,,https://us.shop.gymshark.com/products/gymshark-comfy-rest-day-socks-soft-lilac-aw22,Accessory,,Other
Ankle Socks 3pk,White/Light Grey Marl/Black,14.0,,https://us.shop.gymshark.com/products/gymshark-trainer-socks-3pk-white-light-grey-marl-black-aw21,Accessory,,Other
Premium Jacquard Single Socks,White/Meridian Blue,9.6,12.0,https://us.shop.gymshark.com/products/gymshark-premium-jacquard-single-socks-white-meridian-blue-aw22,Accessory,20.000000000000004,Other
Gymshark//Steve Cook Tank,Turbo Blue,16.0,40.0,https://us.shop.gymshark.com/products/gymshark-steve-cook-tank-turbo-blue-ss22,Men,60.0,Tank
Crew Socks 3pk,Black/Light Grey Marl/Reactive Green,16.0,,https://us.shop.gymshark.com/products/gymshark-crew-socks-3pk-black-light-grey-marl-reactive-green-aw22,Accessory,,Other
Bold T-Shirt,Green,21.0,30.0,https://us.shop.gymshark.com/products/gymshark-bold-muscle-fit-t-shirt-green-aw21,Men,30.0,T-shirt
Bold Drop Arm Tank,Clay Orange,17.5,25.0,https://us.shop.gymshark.com/products/gymshark-bold-drop-arm-tank-clay-orange-ss22,Men,30.0,Tank
Crew Performance Socks,White,12.8,16.0,https://us.shop.gymshark.com/products/gymshark-crew-performance-socks-white,Accessory,19.999999999999996,Other
"Speed 5"" 2 in 1 Shorts",Yellow,28.0,35.0,https://us.shop.gymshark.com/products/gymshark-speed-5-2-in-1-shorts-yellow-aw21,Men,20.0,Shorts
Sharkhead Infill T-Shirt,Cherry Brown,16.8,24.0,https://us.shop.gymshark.com/products/gymshark-sharkhead-infill-t-shirt-cherry-brown-aw22,Men,30.0,T-shirt
"Sport Stripe 7"" Shorts",Black,18.0,30.0,https://us.shop.gymshark.com/products/gymshark-sport-shorts-black-ss22-1,Men,40.0,Shorts
Apex Seamless T-Shirt,Onyx Grey/Black,26.4,44.0,https://us.shop.gymshark.com/products/gymshark-apex-seamless-t-shirt-onyx-grey-black-ss22,Men,40.0,T-shirt
Apex Seamless T-Shirt,Light Grey/Onyx Grey,21.12,26.4,https://us.shop.gymshark.com/products/gymshark-apex-seamless-t-shirt-light-grey-onyx-grey-ss22,Men,19.999999999999993,T-shirt
"Sport 7"" 2 In 1 Shorts",Black/Silhouette Grey,42.0,,https://us.shop.gymshark.com/products/gymshark-sport-7-2-in-1-shorts-black-silhouette-grey-aw22,Men,,Shorts
Apex Seamless T-Shirt,Linen Blue/Court Blue,21.12,26.4,https://us.shop.gymshark.com/products/gymshark-apex-seamless-t-shirt-linen-blue-court-blue-ss22,Men,19.999999999999993,T-shirt
315 Seamless T-Shirt,Black,28.0,40.0,https://us.shop.gymshark.com/products/gymshark-315-seamless-t-shirt-black-ss22,Men,30.0,T-shirt
Apex Seamless T-Shirt,Court Blue/Onyx Grey,26.4,44.0,https://us.shop.gymshark.com/products/gymshark-apex-seamless-t-shirt-court-blue-onyx-grey-ss22,Men,40.0,T-shirt
"Arrival 7"" Short",Fauna Teal Print,20.8,26.0,https://us.shop.gymshark.com/products/gymshark-arrival-7-short-fauna-teal-print-ss22,Men,20.0,Short
Sharkhead Infill Hoodie,Core Olive,30.8,44.0,https://us.shop.gymshark.com/products/gymshark-sharkhead-infill-hoodie-core-olive-aw22,Men,30.0,Hoodie
Block Stringer,Core Olive,17.6,22.0,https://us.shop.gymshark.com/products/gymshark-block-stringer-core-olive-aw22,Men,19.999999999999993,Stringer
Arrival Knitted Shorts,Smokey Grey,16.8,24.0,https://us.shop.gymshark.com/products/gymshark-arrival-knitted-7-shorts-smokey-grey-ss22,Men,30.0,Shorts
Sport Stripe Tank,Court Blue,11.2,28.0,https://us.shop.gymshark.com/products/gymshark-sport-tank-court-blue-ss22,Men,60.0,Tank
Studio Amplify T-Shirt,White,12.0,40.0,https://us.shop.gymshark.com/products/gymshark-studio-amplify-t-shirt-white-ss22,Men,70.0,T-shirt
Apex Seamless T-Shirt,Firefly Green/White,17.6,44.0,https://us.shop.gymshark.com/products/gymshark-apex-seamless-t-shirt-firefly-green-white-ss22,Men,60.0,T-shirt
Essential T-Shirt,Navy,20.8,26.0,https://us.shop.gymshark.com/products/gymshark-essential-ss-slim-tee-navy-ss22,Men,20.0,T-shirt
"Arrival 5"" Shorts",Smokey Grey,26.0,,https://us.shop.gymshark.com/products/gymshark-arrival-5-shorts-smokey-grey-ss22,Men,,Shorts
Rest Day Sweats Joggers,Navy,60.0,,https://us.shop.gymshark.com/products/gymshark-rest-day-sweats-joggers-navy-aw22,Men,,Joggers
Essential Oversized T-Shirt,Rose Brown,26.0,,https://us.shop.gymshark.com/products/gymshark-essential-oversized-t-shirt-rose-brown-aw22,Men,,T-shirt
Essential T-Shirt,Pebble Grey,20.8,26.0,https://us.shop.gymshark.com/products/gymshark-essential-ss-slim-tee-pebble-grey-ss22,Men,20.0,T-shirt
Essential Oversized Joggers,Black,44.0,,https://us.shop.gymshark.com/products/gymshark-essential-overwsized-joggers-black-aw22,Men,,Joggers
Block Stringer,Shark Blue,17.6,22.0,https://us.shop.gymshark.com/products/gymshark-block-stringer-shark-blue-aw22,Men,19.999999999999993,Stringer
"Arrival 5"" Shorts",Papaya Orange,20.8,26.0,https://us.shop.gymshark.com/products/gymshark-arrival-5-shorts-papaya-orange-ss22,Men,20.0,Shorts
Legacy Stringer,Limestone Marl,28.0,,https://us.shop.gymshark.com/products/gymshark-legacy-stringer-limestone-marl-aw22,Men,,Stringer
Legacy Rag Top,Black,42.0,,https://us.shop.gymshark.com/products/gymshark-legacy-rag-top-black-ss22,Men,,Top
315 Seamless Tank,Cherry Brown,14.4,36.0,https://us.shop.gymshark.com/products/gymshark-315-seamless-tank-cherry-brown-ss22,Men,60.00000000000001,Tank
Arrival Long Sleeve Graphic T-Shirt,Black,18.2,26.0,https://us.shop.gymshark.com/products/gymshark-arrival-long-sleeve-graphic-t-shirt-black-aw21,Men,30.000000000000004,T-shirt
Rest Day Sweats Joggers,Pebble Grey,60.0,,https://us.shop.gymshark.com/products/gymshark-rest-day-sweats-joggers-pebble-grey-aw22,Men,,Joggers
"Bold React 5"" Shorts",Black,36.0,,https://us.shop.gymshark.com/products/gymshark-bold-react-5-shorts-black-aw22,Men,,Shorts
Rest Day Sweats 4'' Lounge Shorts,Pebble Grey,32.0,,https://us.shop.gymshark.com/products/gymshark-rest-day-sweats-4-lounge-shorts-pebble-grey-aw22,Men,,Shorts
Rest Day Sweats T-Shirt,Sage Green,28.0,,https://us.shop.gymshark.com/products/gymshark-rest-day-sweats-t-shirt-sage-green-aw22,Men,,T-shirt
Critical 2.0 Joggers,Light Grey Marl,22.0,44.0,https://us.shop.gymshark.com/products/gymshark-critical-joggers-light-grey-marl-aw21,Men,50.0,Joggers
Apollo T-Shirt,Atlantic Blue,22.0,,https://us.shop.gymshark.com/products/gymshark-apollo-muscle-fit-t-shirt-atlantic-blue-aw22,Men,,T-shirt
"Apex 5"" Perform Shorts",Rich Purple,36.4,52.0,https://us.shop.gymshark.com/products/gymshark-apex-perform-shorts-rich-purple-ss22,Men,30.000000000000004,Shorts
Element Baselayer T-Shirt,Charcoal,17.5,25.0,https://us.shop.gymshark.com/products/gymshark-element-baselayer-t-shirt-charcoal-aw21,Men,30.0,T-shirt
"Apex 8"" Function Shorts",Papaya Orange,39.2,56.0,https://us.shop.gymshark.com/products/gymshark-apex-8-function-shorts-papaya-orange-ss22,Men,29.999999999999993,Shorts
Legacy Rag Top,Black,42.0,,https://us.shop.gymshark.com/products/gymshark-legacy-rag-top-black-aw22,Men,,Top
Block Hoodie,Cherry Brown,40.0,,https://us.shop.gymshark.com/products/gymshark-block-hoodie-cherry-brown-aw22,Men,,Hoodie
Block T-Shirt,Black,26.0,,https://us.shop.gymshark.com/products/gymshark-block-t-shirt-black-aw22,Men,,T-shirt
Arrival Regular Fit T-Shirt,Smokey Grey,17.6,22.0,https://us.shop.gymshark.com/products/gymshark-arrival-regular-fit-t-shirt-smokey-grey-ss22,Men,19.999999999999993,T-shirt
"Power Washed 5"" Shorts",Cement Brown,42.0,,https://us.shop.gymshark.com/products/gymshark-power-washed-5-shorts-cement-brown-aw22,Men,,Shorts
Critical Drop Arm Tank,Black Print,19.6,28.0,https://us.shop.gymshark.com/products/gymshark-critical-drop-arm-tank-black-print-ss22,Men,29.999999999999993,Tank
Studio Amplify T-Shirt,Orchid Pink,16.0,40.0,https://us.shop.gymshark.com/products/gymshark-studio-amplify-t-shirt-orchid-pink-ss22,Men,60.0,T-shirt
Studio Amplify T-Shirt,Cherry Brown,16.0,40.0,https://us.shop.gymshark.com/products/gymshark-studio-amplify-t-shirt-cherry-brown-ss22,Men,60.0,T-shirt
Arrival Regular Fit T-Shirt,Papaya Orange,17.6,22.0,https://us.shop.gymshark.com/products/gymshark-arrival-regular-fit-t-shirt-papaya-orange-ss22,Men,19.999999999999993,T-shirt
Essential Jogger ,Charcoal Marl,35.0,50.0,https://us.shop.gymshark.com/products/gymshark-essential-oversized-jogger-charcoal-marl-aw21,Men,30.0,Jogger
Critical 2.0 Drop Arm Tank,Dark Green,19.6,28.0,https://us.shop.gymshark.com/products/gymshark-critical-drop-arm-tank-dark-green-aw21,Men,29.999999999999993,Tank
Bold React Joggers,Coin Grey,46.0,,https://us.shop.gymshark.com/products/gymshark-bold-react-joggers-coin-grey-aw22,Men,,Joggers
Power Washed Crew,Rose Brown,56.0,,https://us.shop.gymshark.com/products/gymshark-power-washed-crew-rose-brown-aw22,Men,,Crew
Crest Sweatshirt,Atlantic Blue,36.0,,https://us.shop.gymshark.com/products/gymshark-crest-sweatshirt-atlantic-blue-aw22,Men,,Sweatshirt
Arrival Long Sleeve Graphic T-Shirt,Navy,18.2,26.0,https://us.shop.gymshark.com/products/gymshark-arrival-long-sleeve-graphic-t-shirt-navy-aw21,Men,30.000000000000004,T-shirt
Essential Long Sleeve T-Shirt,Navy,21.0,30.0,https://us.shop.gymshark.com/products/gymshark-essential-ls-slim-tee-navy-ss22,Men,30.0,T-shirt
Arrival Marl T-Shirt,Black/Onyx Grey Marl,17.6,22.0,https://us.shop.gymshark.com/products/gymshark-arrival-marl-t-shirt-black-onyx-grey-marl-ss22,Men,19.999999999999993,T-shirt
Element Baselayer Shorts,Blue,20.8,26.0,https://us.shop.gymshark.com/products/gymshark-element-baselayer-shorts-blue-aw21,Men,20.0,Shorts
"Apex 5"" Perform Shorts",Court Blue,36.4,52.0,https://us.shop.gymshark.com/products/gymshark-apex-5-perform-shorts-court-blue-ss22,Men,30.000000000000004,Shorts
Legacy Long Sleeve T-Shirt,Black,34.0,,https://us.shop.gymshark.com/products/gymshark-legacy-long-sleeve-t-shirt-black-ss22,Men,,T-shirt
Rest Day 1/4 Zip,Pebble Grey,52.0,,https://us.shop.gymshark.com/products/gymshark-rest-day-1-4-zip-pebble-grey-aw22,Men,,Zip
Arrival Tank,Smokey Grey,14.0,20.0,https://us.shop.gymshark.com/products/gymshark-arrival-tank-smokey-grey-ss22,Men,30.0,Tank
Apollo Crew,Storm Red,36.0,,https://us.shop.gymshark.com/products/gymshark-apollo-crew-storm-red-aw22-1,Men,,Crew
Arrival T-Shirt,Yellow,15.4,22.0,https://us.shop.gymshark.com/products/gymshark-arrival-t-shirt-yellow-gsaw21,Men,30.0,T-shirt
Arrival Slim Marl Tank,Black/Onyx Grey Marl,16.0,20.0,https://us.shop.gymshark.com/products/gymshark-arrival-slim-marl-tank-black-onyx-grey-marl-ss22,Men,20.0,Tank
Apollo Long Sleeve T-Shirt,Atlantic Blue,26.0,,https://us.shop.gymshark.com/products/gymshark-apollo-long-sleeve-t-shirt-atlantic-blue-aw22,Men,,T-shirt
Crest Long Sleeve T-Shirt,Light Grey Core Marl,26.0,,https://us.shop.gymshark.com/products/gymshark-crest-long-sleeve-t-shirt-light-grey-core-marl-ss22,Men,,T-shirt
Arrival Tank,Grey,20.0,,https://us.shop.gymshark.com/products/gymshark-arrival-tank-grey-logo-gsaw21,Men,,Tank
Arrival Shorts,Dark Green,20.8,26.0,https://us.shop.gymshark.com/products/gymshark-arrival-shorts-dark-green-white-logo,Men,20.0,Shorts
Knee Sleeve 5mm,Black,26.0,,https://us.shop.gymshark.com/products/gymshark-knee-sleeve-black,Accessory,,Other
Apex Tank,Blue,24.5,35.0,https://us.shop.gymshark.com/products/gymshark-apex-seamless-tank-blue-gs21,Men,30.0,Tank
Studio Shorts,Grey,42.0,,https://us.shop.gymshark.com/products/gymshark-studio-shorts-grey-logo-gs21,Men,,Shorts
Sport Shorts,Green,21.0,30.0,https://us.shop.gymshark.com/products/gymshark-sport-shorts-green-gsaw21,Men,30.0,Shorts
Apex Perform T-shirt,Blue,28.0,40.0,https://us.shop.gymshark.com/products/gymshark-apex-seamless-t-shirt-blue-gs21,Men,30.0,T-shirt
315 Seamless Tights,Light Grey/Charcoal Grey,32.2,46.0,https://us.shop.gymshark.com/products/gymshark-315-seamless-tights-light-grey-charcoal-grey-ss22,Men,29.999999999999993,Tights
Bold Hoodie,Black,30.0,50.0,https://us.shop.gymshark.com/products/gymshark-bold-hoodie-black-aw21,Men,40.0,Hoodie
Vital Light Shorts,Charcoal Grey Marl,25.2,36.0,https://us.shop.gymshark.com/products/gymshark-vital-light-shorts-charcoal-grey-marl-ss22,Men,30.000000000000004,Shorts
Vital Light 1/4 Zip,Charcoal Marl,35.2,44.0,https://us.shop.gymshark.com/products/gymshark-vital-1-4-zip-charcoal-marl-white-logo,Men,19.999999999999993,Zip
Vital Light Seamless T-Shirt,Black Marl,21.0,30.0,https://us.shop.gymshark.com/products/gymshark-vital-t-shirt-black-marl-white-logo,Men,30.0,T-shirt
Bold T-Shirt,Onyx Grey,21.0,30.0,https://us.shop.gymshark.com/products/gymshark-bold-t-shirt-onyx-grey-ss22,Men,30.0,T-shirt
Vital Light Seamless Long Sleeve T-Shirt,Black Marl,28.8,36.0,https://us.shop.gymshark.com/products/gymshark-vital-long-sleeve-t-shirt-black-marl-white-logo,Men,20.0,T-shirt
Vital Light Seamless Long Sleeve T-Shirt,Charcoal Marl,28.8,36.0,https://us.shop.gymshark.com/products/gymshark-vital-long-sleeve-t-shirt-charcoal-marl-white-logo,Men,20.0,T-shirt
Vital Seamless Light Tank,Black Marl,15.6,26.0,https://us.shop.gymshark.com/products/gymshark-vital-light-tank-black-marl-ss22,Men,40.0,Tank
Retake Crew,Onyx Grey,28.0,70.0,https://us.shop.gymshark.com/products/gymshark-retake-crew-onyx-grey-ss22,Men,60.0,Crew
"Recess 3"" Shorts",Black/White,21.0,30.0,https://us.shop.gymshark.com/products/gymshark-recess-3-shorts-black-white-ss22,Men,30.0,Shorts
Recess Basketball Shorts,Black/White,28.0,40.0,https://us.shop.gymshark.com/products/gymshark-recess-basketball-shorts-black-white-ss22,Men,30.0,Shorts
"Recess 3"" Shorts",Obsidian Green/White,21.0,30.0,https://us.shop.gymshark.com/products/gymshark-recess-3-shorts-obsidian-green-white-ss22,Men,30.0,Shorts
Gymshark//Steve Cook T-Shirt,Black,16.0,40.0,https://us.shop.gymshark.com/products/gymshark-steve-cook-t-shirt-black-ss22,Men,60.0,T-shirt
Vital Seamless Light Long Sleeve T-Shirt,Tahoe Teal Marl,28.8,36.0,https://us.shop.gymshark.com/products/gymshark-vital-light-long-sleeve-t-shirt-tahoe-teal-marl-ss22,Men,20.0,T-shirt
Vital Light Seamless T-Shirt,Papaya Orange Marl,24.0,30.0,https://us.shop.gymshark.com/products/gymshark-vital-light-t-shirt-papaya-orange-marl-ss22,Men,20.0,T-shirt
Vital Light Seamless T-Shirt,Tahoe Teal Marl,24.0,30.0,https://us.shop.gymshark.com/products/gymshark-vital-light-t-shirt-tahoe-teal-marl-ss22,Men,20.0,T-shirt
Arrival Knitted Shorts,Black,14.4,24.0,https://us.shop.gymshark.com/products/gymshark-arrival-knitted-shorts-black-logo,Men,40.0,Shorts
Sharkhead Infill T-Shirt,Black,16.8,24.0,https://us.shop.gymshark.com/products/gymshark-sharkhead-infill-t-shirt-black-aw22,Men,30.0,T-shirt
Sharkhead Infill Hoodie,Charcoal Grey Marl,30.8,44.0,https://us.shop.gymshark.com/products/gymshark-sharkhead-infill-hoodie-charcoal-grey-marl-aw22,Men,30.0,Hoodie
Sharkhead Infill T-Shirt,Core Olive,16.8,24.0,https://us.shop.gymshark.com/products/gymshark-sharkhead-infill-t-shirt-core-olive-aw22,Men,30.0,T-shirt
Sharkhead Infill Hoodie,Atlantic Blue,30.8,44.0,https://us.shop.gymshark.com/products/gymshark-sharkhead-infill-hoodie-atlantic-blue-aw22,Men,30.0,Hoodie
Crest Joggers,Charcoal Marl,30.4,38.0,https://us.shop.gymshark.com/products/gymshark-crest-joggers-charcoal-marl,Men,20.000000000000004,Joggers
Speed Evolve T-Shirt,Moonstone Blue,13.6,34.0,https://us.shop.gymshark.com/products/gymshark-speed-t-shirt-moonstone-blue-ss22,Men,60.0,T-shirt
Apex Seamless Tank,Light Grey/Onyx Grey,16.8,42.0,https://us.shop.gymshark.com/products/gymshark-apex-seamless-tank-light-grey-onyx-grey-ss22,Men,60.0,Tank
Rest Day Sweats 1/4 Zip,Black,60.0,,https://us.shop.gymshark.com/products/gymshark-rest-day-sweats-1-4-zip-black-aw22,Men,,Zip
Critical Stringer,Turbo Blue,11.2,28.0,https://us.shop.gymshark.com/products/gymshark-critical-stringer-turbo-blue-ss22,Men,60.0,Stringer
Critical 2.0 Joggers,Black,30.8,44.0,https://us.shop.gymshark.com/products/gymshark-critical-joggers-black-aw21,Men,30.0,Joggers
Block Long Sleeve T-Shirt,Black,30.0,,https://us.shop.gymshark.com/products/gymshark-block-long-sleeve-t-shirt-black-aw22,Men,,T-shirt
Rest Day Sweats T-Shirt,Black,28.0,,https://us.shop.gymshark.com/products/gymshark-rest-day-sweats-t-shirt-black-aw22,Men,,T-shirt
Rest Day Sweats 4'' Lounge Shorts,Black,32.0,,https://us.shop.gymshark.com/products/gymshark-rest-day-sweats-4-lounge-shorts-black-aw22,Men,,Shorts
Essential Oversized Joggers,Soul Brown,44.0,,https://us.shop.gymshark.com/products/gymshark-essential-oversized-joggers-soul-brown-aw22,Men,,Joggers
"Speed Evolve 3"" 2 In 1 Shorts",Black,33.6,42.0,https://us.shop.gymshark.com/products/gymshark-speed-3-2-in-1-shorts-black-ss22,Men,19.999999999999996,Shorts
Apollo T-Shirt,Black,10.0,25.0,https://us.shop.gymshark.com/products/gymshark-apollo-muscle-fit-t-shirt-black-white-logo,Men,60.0,T-shirt
Apollo Crew,Obsidian Green,24.0,40.0,https://us.shop.gymshark.com/products/gymshark-apollo-crew-obsidian-green-white-logo-aw22,Men,40.0,Crew
Arrival T-Shirt,Green,15.4,22.0,https://us.shop.gymshark.com/products/gymshark-arrival-t-shirt-green-gsaw21,Men,30.0,T-shirt
React Joggers,Core Olive,36.8,46.0,https://us.shop.gymshark.com/products/gymshark-react-joggers-core-olive-aw22,Men,20.000000000000007,Joggers
Block Stringer,Black,17.6,22.0,https://us.shop.gymshark.com/products/gymshark-block-stringer-black-aw22,Men,19.999999999999993,Stringer
Rest Day Sweats 1/4 Zip,Navy,60.0,,https://us.shop.gymshark.com/products/gymshark-rest-day-sweats-1-4-zip-navy-aw22,Men,,Zip
Rest Day Sweats T-Shirt,Pebble Grey,28.0,,https://us.shop.gymshark.com/products/gymshark-rest-day-sweats-t-shirt-pebble-grey-aw22,Men,,T-shirt
Apex Seamless Tank,Papaya Orange/Onyx Grey,16.8,42.0,https://us.shop.gymshark.com/products/gymshark-apex-seamless-tank-papaya-orange-onyx-grey-ss22,Men,60.0,Tank
"Apex 8"" Function Shorts",Onyx Grey,39.2,56.0,https://us.shop.gymshark.com/products/gymshark-apex-8-function-shorts-onyx-grey-ss22,Men,29.999999999999993,Shorts
Legacy Drop Arm Hoodie,Cherry Brown,25.2,42.0,https://us.shop.gymshark.com/products/gymshark-legacy-drop-arm-hoodie-cherry-brown-ss22,Men,40.0,Hoodie
Legacy Hoodie,Cherry Brown,38.4,48.0,https://us.shop.gymshark.com/products/gymshark-legacy-hoodie-cherry-brown-ss22,Men,20.000000000000004,Hoodie
Apollo T-Shirt,White,10.0,25.0,https://us.shop.gymshark.com/products/gymshark-apollo-muscle-fit-t-shirt-white-logo,Men,60.0,T-shirt
"Apex 5"" Perform Shorts",Onyx Grey,36.4,52.0,https://us.shop.gymshark.com/products/gymshark-apex-5-perform-shorts-onyx-grey-ss22,Men,30.000000000000004,Shorts
Power Washed T-Shirt,Cement Brown,40.0,,https://us.shop.gymshark.com/products/gymshark-power-washed-t-shirt-cement-brown-aw22,Men,,T-shirt
Legacy Shorts,Navy,28.8,36.0,https://us.shop.gymshark.com/products/gymshark-legacy-short-navy-ss22,Men,20.0,Shorts
Essential Oversized Joggers,Cherry Brown,44.0,,https://us.shop.gymshark.com/products/gymshark-essential-oversized-joggers-cherry-brown-aw22,Men,,Joggers
Legacy Shorts,Black,36.0,,https://us.shop.gymshark.com/products/gymshark-legacy-short-black-ss22,Men,,Shorts
Power Washed Joggers,Cement Brown,52.0,,https://us.shop.gymshark.com/products/gymshark-power-washed-joggers-cement-brown-aw22,Men,,Joggers
Legacy T-Shirt,Coastal Blue,32.0,,https://us.shop.gymshark.com/products/gymshark-legacy-t-shirt-coastal-blue-aw22,Men,,T-shirt
React Joggers,Cherry Brown,36.8,46.0,https://us.shop.gymshark.com/products/gymshark-react-joggers-cherry-brown-aw22,Men,20.000000000000007,Joggers
Rest Day Sweats 1/4 Zip,Sage Green,60.0,,https://us.shop.gymshark.com/products/gymshark-rest-day-sweats-1-4-zip-sage-green-aw22,Men,,Zip
"Arrival 5"" Shorts",Light Grey Print,20.8,26.0,https://us.shop.gymshark.com/products/gymshark-arrival-5-shorts-light-grey-print-ss22,Men,20.0,Shorts
Power Washed T-Shirt,Iguana Green,40.0,,https://us.shop.gymshark.com/products/gymshark-power-washed-t-shirt-iguana-green-aw22,Men,,T-shirt
Crest Hoodie,Atlantic Blue,40.0,,https://us.shop.gymshark.com/products/gymshark-crest-hoodie-atlantic-blue-aw22,Men,,Hoodie
Arrival Sleeveless Tee,Grey,14.0,20.0,https://us.shop.gymshark.com/products/gymshark-arrival-sleeveless-tee-grey-logo-gs21,Accessory,30.0,Other
Legacy Shorts,Nevada Pink,28.8,36.0,https://us.shop.gymshark.com/products/gymshark-legacy-short-nevada-pink-ss22,Men,20.0,Shorts
Crest Zip Up Hoodie,Pebble Grey,44.0,,https://us.shop.gymshark.com/products/gymshark-crest-zip-up-hoodie-pebble-grey-aw22,Men,,Hoodie
Rest Day Sweats Long Sleeve T-Shirt,Pebble Grey,32.0,,https://us.shop.gymshark.com/products/gymshark-rest-day-sweats-long-sleeve-t-shirt-pebble-grey-aw22,Men,,T-shirt
Apex Seamless Long Sleeve T-Shirt,Onyx Grey/Black,15.0,50.0,https://us.shop.gymshark.com/products/gymshark-apex-seamless-long-sleeve-t-shirt-onyx-grey-black-ss22,Men,70.0,T-shirt
Critical 2.0 Drop Arm Tank,Burgundy,19.6,28.0,https://us.shop.gymshark.com/products/gymshark-critical-drop-arm-tank-burgundy-aw21,Men,29.999999999999993,Tank
"Arrival 5"" Shorts",Musk Lilac,26.0,,https://us.shop.gymshark.com/products/gymshark-arrival-5-shorts-musk-lilac-aw22,Men,,Shorts
Aspect 2 In 1 Short,Light Grey,28.0,40.0,https://us.shop.gymshark.com/products/gymshark-aspect-2-in-1-short-light-grey-ss22,Men,30.0,Short
Power Washed Crew,Musk Lilac,56.0,,https://us.shop.gymshark.com/products/gymshark-power-washed-crew-musk-lilac-aw22,Men,,Crew
GS x David Laid Stringer,Black,21.0,30.0,https://us.shop.gymshark.com/products/gs-x-david-laid-stringer-black-ss22,Men,30.0,Stringer
"Arrival 7"" Shorts",Green,20.8,26.0,https://us.shop.gymshark.com/products/gymshark-arrival-7-shorts-green-gsaw21,Men,20.0,Shorts
Arrival Long Sleeve T-Shirt,Green,18.2,26.0,https://us.shop.gymshark.com/products/gymshark-arrival-long-sleeve-t-shirt-green-gsaw21,Men,30.000000000000004,T-shirt
Essential Long Sleeve T-Shirt,Linen Blue,21.0,30.0,https://us.shop.gymshark.com/products/gymshark-essential-ls-slim-tee-linen-blue-ss22,Men,30.0,T-shirt
Apollo Crew,Black,36.0,,https://us.shop.gymshark.com/products/gymshark-apollo-crew-black-aw22,Men,,Crew
Bold React Joggers,Black,46.0,,https://us.shop.gymshark.com/products/gymshark-bold-react-joggers-black-aw22,Men,,Joggers
Power Washed Crew,Iguana Green,56.0,,https://us.shop.gymshark.com/products/gymshark-power-washed-crew-iguana-green-aw22,Men,,Crew
Element Baselayer Shorts,Burgundy,18.2,26.0,https://us.shop.gymshark.com/products/gymshark-element-baselayer-shorts-burgundy-aw21,Men,30.000000000000004,Shorts
"Apex 5"" Perform Shorts",Papaya Orange,36.4,52.0,https://us.shop.gymshark.com/products/gymshark-apex-5-perform-shorts-papaya-orange-ss22,Men,30.000000000000004,Shorts
GS10 Year Joggers,Ecru Brown,80.0,,https://us.shop.gymshark.com/products/gymshark-gs10-year-joggers-ecru-brown-aw22,Men,,Joggers
React Joggers,Winter Teal,36.8,46.0,https://us.shop.gymshark.com/products/gymshark-react-joggers-winter-teal-aw22,Men,20.000000000000007,Joggers
Legacy Drop Arm Tank,Hoya Green,28.0,,https://us.shop.gymshark.com/products/gymshark-legacy-drop-arm-tank-hoya-green-aw22,Men,,Tank
Legacy Hoodie,Coastal Blue,48.0,,https://us.shop.gymshark.com/products/gymshark-legacy-hoodie-coastal-blue-aw22,Men,,Hoodie
Apex Seamless Long Sleeve T-Shirt,Light Grey/Onyx Grey,35.0,50.0,https://us.shop.gymshark.com/products/gymshark-apex-seamless-long-sleeve-t-shirt-light-grey-onyx-grey-ss22,Men,30.0,T-shirt
Legacy Hoodie,Limestone Marl,48.0,,https://us.shop.gymshark.com/products/gymshark-legacy-hoodie-limestone-marl-aw22,Men,,Hoodie
Arrival T-Shirt,Charcoal,22.0,,https://us.shop.gymshark.com/products/gymshark-arrival-t-shirt-charcoal-gsaw21,Men,,T-shirt
Apex Technical Jacket,Onyx Grey,56.0,70.0,https://us.shop.gymshark.com/products/gymshark-apex-technical-jacket-onyx-grey-ss22,Men,20.0,Jacket
Wraps,Smokey Grey,20.0,,https://us.shop.gymshark.com/products/gymshark-wrist-straps-self-tie-smokey-grey-ss22,Accessory,,Other
Element Baselayer Shorts,Dark Green,18.2,26.0,https://us.shop.gymshark.com/products/gymshark-element-baselayer-shorts-dark-green-aw21,Accessory,30.000000000000004,Other
Elevate Leggings,Black,64.0,,https://us.shop.gymshark.com/products/gymshark-elevate-leggings-black-aw22,Women,,Leggings
Vital Seamless 2.0 Shorts,Evening Blue Marl,40.0,,https://us.shop.gymshark.com/products/gymshark-vital-seamless-2-0-shorts-evening-blue-marl-ss23,Women,,Shorts
Adapt Animal Seamless Leggings,Wild | Navy,64.0,,https://us.shop.gymshark.com/products/gymshark-adapt-animal-seamless-leggings-wild-navy-aw22,Women,,Leggings
Adapt Camo Seamless Shorts,Lava | Black/Onyx Grey,48.0,,https://us.shop.gymshark.com/products/gymshark-adapt-camo-seamless-shorts-black-onyx-grey-aw22,Women,,Shorts
Elevate Flared Leggings,Black,68.0,,https://us.shop.gymshark.com/products/gymshark-elevate-flared-leggings-black-aw22,Women,,Leggings
Adapt Fleck Seamless Leggings,Chocolate Brown,60.0,,https://us.shop.gymshark.com/products/gymshark-adapt-fleck-seamless-leggings-chocolate-brown-ss23,Women,,Leggings
Elevate Longline Sports Bra,Black,44.0,,https://us.shop.gymshark.com/products/gymshark-elevate-longline-sports-bra-black-aw22,Women,,Bra
Fraction Oversized T-Shirt,Hoya Green,30.0,,https://us.shop.gymshark.com/products/gymshark-fraction-oversized-t-shirt-hoya-green-aw22,Women,,T-shirt
Training Loose Fit Shorts,Black,28.0,,https://us.shop.gymshark.com/products/gymshark-training-loose-fit-shorts-black-ss22,Women,,Shorts
GS Power Original Tight Shorts,Black,46.0,,https://us.shop.gymshark.com/products/gs-power-original-tight-shorts-black-aw22,Women,,Shorts
Ruched Sports Bra,White,30.0,,https://us.shop.gymshark.com/products/gymshark-ruched-sports-bra-white-ss22,Women,,Bra
Vital Seamless 2.0 Shorts,Black Marl,40.0,,https://us.shop.gymshark.com/products/gymshark-vital-seamless-shorts-black-marl-logo,Women,,Shorts
Legacy Leggings,Black,54.0,,https://us.shop.gymshark.com/products/gymshark-legacy-leggings-black-aw22,Women,,Leggings
Bandeau Sports Bra,Black,30.0,,https://us.shop.gymshark.com/products/gymshark-bandeau-sports-bra-black-ss22,Women,,Bra
Rest Day Seamless Bralette,Black,38.0,,https://us.shop.gymshark.com/products/gymshark-rest-day-seamless-bralette-black-aw22,Women,,Bralette
Flex Shorts,Charcoal Grey/Medallion Yellow,25.2,36.0,https://us.shop.gymshark.com/products/gymshark-flex-shorts-charcoal-grey-medallion-yellow-aw22,Women,30.000000000000004,Shorts
Adapt Camo Seamless Shorts,Moss Olive/Core Olive,48.0,,https://us.shop.gymshark.com/products/gymshark-adapt-camo-seamless-shorts-moss-olive-core-olive-aw22,Women,,Shorts
Crossover Leggings,Black,50.0,,https://us.shop.gymshark.com/products/gymshark-crossover-leggings-black-ss23,Women,,Leggings
Rest Day Seamless Bralette,Charred Blue,38.0,,https://us.shop.gymshark.com/products/gymshark-rest-day-seamless-bralette-charred-blue-aw22,Women,,Bralette
Adapt Camo Seamless Leggings,Moss Olive/Core Olive,64.0,,https://us.shop.gymshark.com/products/gymshark-adapt-camo-seamless-leggings-moss-olive-core-olive-aw22,Women,,Leggings
Vital Seamless 2.0 Leggings,Stellar Blue Marl,54.0,,https://us.shop.gymshark.com/products/gymshark-vital-seamless-2-0-leggings-stellar-blue-marl-aw22,Women,,Leggings
Legacy Sports Bra,Pebble Grey,38.0,,https://us.shop.gymshark.com/products/gymshark-legacy-sports-bra-pebble-grey-aw22,Women,,Bra
Training Leggings,Black,38.0,,https://us.shop.gymshark.com/products/gymshark-training-leggings-black-ss22,Women,,Leggings
Adapt Fleck Seamless Leggings,Evening Blue,60.0,,https://us.shop.gymshark.com/products/gymshark-adapt-fleck-seamless-leggings-evening-blue-ss23,Women,,Leggings
Elevate Longline Sports Bra,Willow Green,44.0,,https://us.shop.gymshark.com/products/gymshark-elevate-longline-sports-bra-willow-green-ss23,Women,,Bra
Pause Knitwear Pants,Cement Brown/Pebble Grey,80.0,,https://us.shop.gymshark.com/products/gymshark-pause-knitwear-joggers-cement-brown-pebble-grey-aw22,Women,,Pants
Elevate 3/4 Sleeve Crop Top,Black,56.0,,https://us.shop.gymshark.com/products/gymshark-elevate-3-4-sleeve-crop-top-black-ss23,Women,,Top
Elevate Leggings,Willow Green,64.0,,https://us.shop.gymshark.com/products/gymshark-elevate-leggings-willow-green-ss23,Women,,Leggings
Vital Seamless 2.0 2-in-1 Shorts,Black Marl,26.4,44.0,https://us.shop.gymshark.com/products/gymshark-vital-seamless-2-0-2-in-1-shorts-black-marl-ss22,Women,40.0,Shorts
Legacy Leggings,Deep Pink,54.0,,https://us.shop.gymshark.com/products/gymshark-legacy-leggings-deep-pink-aw22,Women,,Leggings
Adapt Fleck Seamless Sports Bra,Mineral | Black,45.0,,https://us.shop.gymshark.com/products/gymshark-adapt-seamless-sports-bra-fleck-black,Women,,Bra
Vital Seamless 2.0 Leggings,Apricot Orange Marl,32.4,54.0,https://us.shop.gymshark.com/products/gymshark-vital-seamless-2-0-leggings-apricot-orange-marl-ss22,Women,40.0,Leggings
Pause Borg Pullover,Pebble Grey,88.0,,https://us.shop.gymshark.com/products/gymshark-pause-borg-pullover-pebble-grey-aw22,Women,,Pullover
Minimal Sports Bra,Modern Blush Pink,30.0,,https://us.shop.gymshark.com/products/gymshark-minimal-sports-bra-modern-blush-pink-ss23,Women,,Bra
Vital Seamless 2.0 Long Sleeve Crop Top,Black Marl,38.0,,https://us.shop.gymshark.com/products/gymshark-vital-seamless-long-sleeve-crop-top-black-marl-logo,Women,,Top
Adapt Camo Seamless Lace Up Back Top,Moss Olive/Core Olive,50.0,,https://us.shop.gymshark.com/products/gymshark-adapt-camo-seamless-lace-back-top-moss-olive-core-olive-aw22,Women,,Top
Strappy Crop Cami Tank,White,36.0,,https://us.shop.gymshark.com/products/gymshark-strappy-crop-cami-tank-white-ss23,Women,,Tank
Maxed Out Oversized T-Shirt,White,36.0,,https://us.shop.gymshark.com/products/gymshark-maxed-out-oversized-t-shirt-white-ss23,Women,,T-shirt
Maxed Out Hoodie,Black,50.0,,https://us.shop.gymshark.com/products/gymshark-maxed-out-hoodie-black-ss23,Women,,Hoodie
Crossover Leggings,Bright Fuchsia,50.0,,https://us.shop.gymshark.com/products/gymshark-crossover-leggings-bright-fuchsia-ss23,Women,,Leggings
Woven Pocket Shorts,Dusty Olive,38.0,,https://us.shop.gymshark.com/products/gymshark-woven-pocket-shorts-dusty-olive-ss23,Women,,Shorts
Running 2 In 1 Shorts,Iris Green/Light Olive Green,48.0,,https://us.shop.gymshark.com/products/gymshark-running-2-in-1-shorts-iris-green-light-olive-green-ss23,Women,,Shorts
Crossover Long Sleeve Crop Top,Black,40.0,,https://us.shop.gymshark.com/products/gymshark-crossover-long-sleeve-crop-top-black-ss23,Women,,Top
Running Leggings,Black,58.0,,https://us.shop.gymshark.com/products/gymshark-running-leggings-black-ss23,Women,,Leggings
Running Leggings,Magenta Brown,58.0,,https://us.shop.gymshark.com/products/gymshark-running-leggings-magenta-brown-ss23,Women,,Leggings
Woven Pocket Shorts,Black,38.0,,https://us.shop.gymshark.com/products/gymshark-woven-pocket-shorts-black-ss23,Women,,Shorts
Running Leggings,Titanium Grey,58.0,,https://us.shop.gymshark.com/products/gymshark-running-leggings-titanium-grey-ss23,Women,,Leggings
Pocket Leggings,Ink Teal,50.0,,https://us.shop.gymshark.com/products/gymshark-pocket-leggings-ink-teal-ss23,Women,,Leggings
Pocket Leggings,Black,50.0,,https://us.shop.gymshark.com/products/gymshark-pocket-leggings-black-ss23,Women,,Leggings
Pocket Shorts,Chocolate Brown,40.0,,https://us.shop.gymshark.com/products/gymshark-pocket-shorts-chocolate-brown-ss23,Women,,Shorts
Woven Pocket Shorts,Chocolate Brown,38.0,,https://us.shop.gymshark.com/products/gymshark-woven-pocket-shorts-chocolate-brown-ss23,Women,,Shorts
Crossover Shorts,Black,40.0,,https://us.shop.gymshark.com/products/gymshark-crossover-shorts-black-ss23,Women,,Shorts
Running 2 In 1 Shorts,Black/Silhouette Grey,48.0,,https://us.shop.gymshark.com/products/gymshark-running-2-in-1-shorts-black-silhouette-grey-ss23,Women,,Shorts
Running 2 In 1 Shorts,Fluo Bold Pink/Magenta Brown,48.0,,https://us.shop.gymshark.com/products/gymshark-running-2-in-1-shorts-fluo-bold-pink-magenta-brown-ss23,Women,,Shorts
Maxed Out Tank,Black,30.0,,https://us.shop.gymshark.com/products/gymshark-maxed-out-tank-black-ss23,Women,,Tank
Maxed Out Tank,Tropic Green,30.0,,https://us.shop.gymshark.com/products/gymshark-maxed-out-tank-tropic-green-ss23,Women,,Tank
Crossover Shorts,Pomegranate Red,40.0,,https://us.shop.gymshark.com/products/gymshark-crossover-shorts-pomegranate-red-ss23,Women,,Shorts
Maxed Out Oversized T-Shirt,Light Grey Marl,36.0,,https://us.shop.gymshark.com/products/gymshark-maxed-out-oversized-t-shirt-light-grey-marl-ss23,Women,,T-shirt
Maxed Out Tank,White,30.0,,https://us.shop.gymshark.com/products/gymshark-maxed-out-tank-white-ss23,Women,,Tank
Maxed Out Hoodie,Light Grey Marl,50.0,,https://us.shop.gymshark.com/products/gymshark-maxed-out-hoodie-light-grey-marl-ss23,Women,,Hoodie
Woven Pocket Shorts,Sundried Red,38.0,,https://us.shop.gymshark.com/products/gymshark-woven-pocket-shorts-sundried-red-ss23,Women,,Shorts
Pocket Leggings,Dusty Olive,50.0,,https://us.shop.gymshark.com/products/gymshark-pocket-leggings-dusty-olive-ss23,Women,,Leggings
Running 1/4 Zip,Magenta Brown,56.0,,https://us.shop.gymshark.com/products/gymshark-running-1-4-zip-magenta-brown-ss23,Women,,Zip
Pocket Shorts,Dusty Olive,40.0,,https://us.shop.gymshark.com/products/gymshark-pocket-shorts-dusty-olive-ss23,Women,,Shorts
Running 2 In 1 Shorts,Electric Blue/Luna Blue,48.0,,https://us.shop.gymshark.com/products/gymshark-running-2-in-1-shorts-electric-blue-luna-blue-ss23,Women,,Shorts
Strappy Crop Cami Tank,Black,36.0,,https://us.shop.gymshark.com/products/gymshark-strappy-crop-cami-tank-black-ss23,Women,,Tank
Strappy Crop Cami Tank,Bright Fuchsia,36.0,,https://us.shop.gymshark.com/products/gymshark-strappy-crop-cami-tank-bright-fuchsia-ss23,Women,,Tank
Pocket Leggings,Chocolate Brown,50.0,,https://us.shop.gymshark.com/products/gymshark-pocket-leggings-chocolate-brown-ss23,Women,,Leggings
Rest Day Seamless Midi Tank,Earthy Brown,44.0,,https://us.shop.gymshark.com/products/gymshark-rest-day-seamless-midi-tank-earthy-brown-ss23,Women,,Tank
Crossover Long Sleeve Crop Top,Slate Lavender,40.0,,https://us.shop.gymshark.com/products/gymshark-crossover-long-sleeve-crop-top-slate-lavender-ss23,Women,,Top
Strappy Crop Cami Tank,Pomegranate Red,36.0,,https://us.shop.gymshark.com/products/gymshark-strappy-crop-cami-tank-pomegranate-red-ss23,Women,,Tank
Crossover Long Sleeve Crop Top,Mist Green,40.0,,https://us.shop.gymshark.com/products/gymshark-crossover-long-sleeve-crop-top-mist-green-ss23,Women,,Top
Running 1/4 Zip,Black,56.0,,https://us.shop.gymshark.com/products/gymshark-running-1-4-zip-black-ss23,Women,,Zip
Crossover Leggings,Thunder Blue,50.0,,https://us.shop.gymshark.com/products/gymshark-crossover-leggings-thunder-blue-ss23,Women,,Leggings
Strappy Crop Cami Tank,Iced Lilac,36.0,,https://us.shop.gymshark.com/products/gymshark-strappy-crop-cami-tank-iced-lilac-ss23,Women,,Tank
Crossover Shorts,Iceberg Blue,40.0,,https://us.shop.gymshark.com/products/gymshark-crossover-shorts-iceberg-blue-ss23,Women,,Shorts
Rest Day Seamless Bralette,Pomegranate Red,38.0,,https://us.shop.gymshark.com/products/gymshark-rest-day-seamless-bralette-pomegranate-red-ss23,Women,,Bralette
Pocket Shorts,Black,40.0,,https://us.shop.gymshark.com/products/gymshark-pocket-shorts-black-ss23,Women,,Shorts
Pocket Shorts,Denim Blue,40.0,,https://us.shop.gymshark.com/products/gymshark-pocket-shorts-denim-blue-ss23,Women,,Shorts
Crossover Leggings,Slate Lavender,50.0,,https://us.shop.gymshark.com/products/gymshark-crossover-leggings-slate-lavender-ss23,Women,,Leggings
Crossover Long Sleeve Crop Top,Iceberg Blue,40.0,,https://us.shop.gymshark.com/products/gymshark-crossover-long-sleeve-crop-top-iceberg-blue-ss23,Women,,Top
Longline Sports Bra,Navy,40.0,,https://us.shop.gymshark.com/products/gymshark-longline-sports-bra-navy-ss23,Women,,Bra
Adapt Camo Seamless Sports Bra,Lava | River Stone Grey/Evening Blue,48.0,,https://us.shop.gymshark.com/products/gymshark-adapt-camo-seamless-sports-bra-river-stone-grey-evening-blue-ss23,Women,,Bra
Adapt Camo Seamless Sports Bra,Lava | Black/Onyx Grey,48.0,,https://us.shop.gymshark.com/products/gymshark-adapt-camo-seamless-sports-bra-black-onyx-grey-ss23,Women,,Bra
Adapt Camo Seamless Shorts,Lava | Stone Grey/Evening Blue,48.0,,https://us.shop.gymshark.com/products/gymshark-adapt-camo-seamless-shorts-stone-grey-evening-blue-ss23,Women,,Shorts
Adapt Camo Tank,Lava | River Stone Grey/Evening Blue,48.0,,https://us.shop.gymshark.com/products/gymshark-adapt-camo-tank-lava-river-stone-grey-evening-blue-ss23,Women,,Tank
Adapt Camo Tank,Lava | Black/Onyx Grey,48.0,,https://us.shop.gymshark.com/products/gymshark-adapt-camo-tank-lava-black-onyx-grey-ss23,Women,,Tank
Adapt Camo Seamless Long Sleeve Top,Lava | Black,46.0,,https://us.shop.gymshark.com/products/gymshark-adapt-camo-seamless-long-sleeve-top-black-ss23,Women,,Top
Adapt Camo Seamless Shorts,Lava | Misty Pink/Hazy Pink,48.0,,https://us.shop.gymshark.com/products/gymshark-adapt-camo-seamless-shorts-misty-pink-hazy-pink-ss23,Women,,Shorts
Adapt Camo Tank,Lava | Misty Pink/Hazy Pink,48.0,,https://us.shop.gymshark.com/products/gymshark-adapt-camo-tank-lava-misty-pink-hazy-pink-ss23,Women,,Tank
Adapt Camo Seamless Leggings,Lava | River Stone Grey/Evening Blue,64.0,,https://us.shop.gymshark.com/products/gymshark-adapt-camo-seamless-leggings-river-stone-grey-evening-blue-ss23,Women,,Leggings
Adapt Camo Seamless Sports Bra,Lava | Misty Pink-Hazy Pink,48.0,,https://us.shop.gymshark.com/products/gymshark-adapt-camo-seamless-sports-bra-misty-pink-hazy-pink-ss23,Women,,Bra
Adapt Camo Seamless Lace Up Back Top,Lava |  River Stone Grey/Evening Blue,50.0,,https://us.shop.gymshark.com/products/gymshark-adapt-camo-seamless-lace-up-back-top-river-stone-grey-evening-blue-ss23,Women,,Top
Elevate Top,Black,44.0,,https://us.shop.gymshark.com/products/gymshark-elevate-top-black-ss23,Women,,Top
Crossover Sports Bra,Black,40.0,,https://us.shop.gymshark.com/products/gymshark-crossover-sports-bra-black-ss23,Women,,Bra
Longline Sports Bra,Black,40.0,,https://us.shop.gymshark.com/products/gymshark-longline-sports-bra-black-ss23,Women,,Bra
Crossover Sports Bra,White,40.0,,https://us.shop.gymshark.com/products/gymshark-crossover-sports-bra-white-ss23,Women,,Bra
Embroidered Graphic Cropped Hoodie,White,44.0,,https://us.shop.gymshark.com/products/gymshark-embroidered-graphic-cropped-hoodie-white-ss23,Women,,Hoodie
Embroidered Graphic Midi T-Shirt,River Stone Grey,32.0,,https://us.shop.gymshark.com/products/gymshark-embroidered-graphic-midi-t-shirt-river-stone-grey-ss23,Women,,T-shirt
Longline Sports Bra,White,40.0,,https://us.shop.gymshark.com/products/gymshark-longline-sports-bra-white-ss23,Women,,Bra
Longline Sports Bra,Iceberg Blue,40.0,,https://us.shop.gymshark.com/products/gymshark-longline-sports-bra-iceberg-blue-ss23,Women,,Bra
Elevate Longline Sports Bra,Sandy Brown,44.0,,https://us.shop.gymshark.com/products/gymshark-elevate-longline-sports-bra-sandy-brown-ss23,Women,,Bra
Elevate Cycling Shorts,Sandy Brown,48.0,,https://us.shop.gymshark.com/products/gymshark-elevate-cycling-shorts-sandy-brown-ss23,Women,,Shorts
Embroidered Graphic Midi T-Shirt,White,32.0,,https://us.shop.gymshark.com/products/gymshark-embroidered-graphic-midi-t-shirt-white-ss23,Women,,T-shirt
Elevate Top,Desert Sage Green,44.0,,https://us.shop.gymshark.com/products/gymshark-elevate-top-desert-sage-green-ss23,Women,,Top
Embroidered Graphic Cropped Hoodie,River Stone Grey,44.0,,https://us.shop.gymshark.com/products/gymshark-embroidered-graphic-cropped-hoodie-grey-ss23,Women,,Hoodie
Elevate Leggings,Brushed Brown,64.0,,https://us.shop.gymshark.com/products/gymshark-elevate-leggings-brushed-brown-ss23,Women,,Leggings
Crossover Sports Bra,Desert Sage Green,40.0,,https://us.shop.gymshark.com/products/gymshark-crossover-sports-bra-desert-sage-green-ss23,Women,,Bra
Elevate Cycling Shorts,Willow Green,48.0,,https://us.shop.gymshark.com/products/gymshark-elevate-cycling-shorts-willow-green-ss23,Women,,Shorts
Elevate Asymmetric Tank,Desert Sage Green,38.0,,https://us.shop.gymshark.com/products/gymshark-elevate-asymmetric-tank-desert-sage-green-ss23,Women,,Tank
Elevate Flared Leggings,Evening Blue,68.0,,https://us.shop.gymshark.com/products/gymshark-elevate-flared-leggings-evening-blue-ss23,Women,,Leggings
Elevate Leggings,Evening Blue,64.0,,https://us.shop.gymshark.com/products/gymshark-elevate-leggings-evening-blue-ss23,Women,,Leggings
Elevate Longline Sports Bra,Evening Blue,44.0,,https://us.shop.gymshark.com/products/gymshark-elevate-longline-sports-bra-evening-blue-ss23,Women,,Bra
Elevate 3/4 Sleeve Crop Top,Brushed Brown,56.0,,https://us.shop.gymshark.com/products/gymshark-elevate-3-4-sleeve-crop-top-brushed-brown-ss23,Women,,Top
Longline Sports Bra,Truffle Brown,40.0,,https://us.shop.gymshark.com/products/gymshark-longline-sports-bra-truffle-brown-ss23,Women,,Bra
Longline Sports Bra,Brick Red,40.0,,https://us.shop.gymshark.com/products/gymshark-longline-sports-bra-brick-red-ss23,Women,,Bra
Elevate Cycling Shorts,Evening Blue,48.0,,https://us.shop.gymshark.com/products/gymshark-elevate-cycling-shorts-evening-blue-ss23,Women,,Shorts
Adapt Camo Seamless Long Sleeve Top,Lava | River Stone Grey/Evening Blue,46.0,,https://us.shop.gymshark.com/products/gymshark-adapt-camo-seamless-long-sleeve-top-river-stone-grey-evening-blue-ss23,Women,,Top
Crossover Sports Bra,Navy,40.0,,https://us.shop.gymshark.com/products/gymshark-crossover-sports-bra-navy-ss23,Women,,Bra
Crossover Sports Bra,Slate Lavender,40.0,,https://us.shop.gymshark.com/products/gymshark-crossover-sports-bra-slate-lavender-ss23,Women,,Bra
Elevate Top,Sandy Brown,44.0,,https://us.shop.gymshark.com/products/gymshark-elevate-top-sandy-brown-ss23,Women,,Top
Elevate 3/4 Sleeve Crop Top,Desert Sage Green,56.0,,https://us.shop.gymshark.com/products/gymshark-elevate-3-4-sleeve-crop-top-desert-sage-green-ss23,Women,,Top
Longline Sports Bra,Tropic Green,40.0,,https://us.shop.gymshark.com/products/gymshark-longline-sports-bra-tropic-green-ss23,Women,,Bra
Crossover Sports Bra,Thunder Blue,40.0,,https://us.shop.gymshark.com/products/gymshark-crossover-sports-bra-thunder-blue-ss23,Women,,Bra
Crossover Sports Bra,Scandi Pink,40.0,,https://us.shop.gymshark.com/products/gymshark-crossover-sports-bra-scandi-pink-ss23,Women,,Bra
Rest Day Seamless Bralette,Oak Brown,38.0,,https://us.shop.gymshark.com/products/gymshark-rest-day-seamless-bralette-oak-brown-ss23,Women,,Bralette
Rest Day Seamless Midi Tank,Pomegranate Red,44.0,,https://us.shop.gymshark.com/products/gymshark-rest-day-seamless-midi-tank-pomegranate-red-ss23,Women,,Tank
Rest Day Seamless Midi Tank,Oak Brown,44.0,,https://us.shop.gymshark.com/products/gymshark-rest-day-seamless-midi-tank-oak-brown-ss23,Women,,Tank
Adapt Camo Seamless Leggings,Black/Onyx Grey,64.0,,https://us.shop.gymshark.com/products/gymshark-adapt-camo-seamless-leggings-black-onyx-grey-aw22,Women,,Leggings
Adapt Camo Seamless Lace Up Back Top,Black/Onyx Grey,50.0,,https://us.shop.gymshark.com/products/gymshark-adapt-camo-seamless-lace-back-top-black-onyx-grey-aw22,Women,,Top
Training Shorts,Camo Green Print,28.0,,https://us.shop.gymshark.com/products/gymshark-training-shorts-camo-green-print,Women,,Shorts
Sport Sports Bra,Orange Print,24.5,35.0,https://us.shop.gymshark.com/products/gymshark-sport-sports-bra-orange-print-ss22,Women,30.0,Bra
Elevate Longline Sports Bra,Cement Brown Spray Dye,35.2,44.0,https://us.shop.gymshark.com/products/gymshark-elevate-longline-sports-bra-cement-brown-spray-dye-aw22,Women,19.999999999999993,Bra
Elevate Longline Sports Bra,Lakeside Blue Spray Dye,35.2,44.0,https://us.shop.gymshark.com/products/gymshark-elevate-longline-sports-bra-lakeside-blue-spray-dye-aw22,Women,19.999999999999993,Bra
Elevate Longline Sports Bra,Moss Olive,44.0,,https://us.shop.gymshark.com/products/gymshark-elevate-longline-sports-bra-moss-olive-aw22,Women,,Bra
Elevate Longline Sports Bra,Rose Brown,44.0,,https://us.shop.gymshark.com/products/gymshark-elevate-longline-sports-bra-rose-brown-aw22,Women,,Bra
Adapt Marl Seamless Leggings,Archive Brown/Cherry Brown,36.0,60.0,https://us.shop.gymshark.com/products/gymshark-adapt-marl-seamless-leggings-archive-brown-cherry-brown-aw22,Women,40.0,Leggings
Sweat Seamless Midi Tank,Rich Teal,25.2,36.0,https://us.shop.gymshark.com/products/gymshark-sweat-seamless-midi-tank-rich-teal-aw22,Women,30.000000000000004,Tank
Sweat Seamless Long Sleeve Crop Top,Salsa Red,32.2,46.0,https://us.shop.gymshark.com/products/gymshark-sweat-seamless-long-sleeve-crop-top-salsa-red-aw22,Women,29.999999999999993,Top
Rest Day Sweats Shorts,Steel Blue Marl,32.2,46.0,https://us.shop.gymshark.com/products/gymshark-rest-day-sweats-shorts-steel-blue-marl-aw22,Women,29.999999999999993,Shorts
Elevate Cycling Shorts,Lakeside Blue Spray Dye,38.4,48.0,https://us.shop.gymshark.com/products/gymshark-elevate-cycling-shorts-lakeside-blue-spray-dye-aw22,Women,20.000000000000004,Shorts
Adapt Animal Seamless Leggings,Wild | Black,64.0,,https://us.shop.gymshark.com/products/gymshark-adapt-animal-seamless-leggings-wild-black-aw22,Women,,Leggings
Elevate Cycling Shorts,Black,48.0,,https://us.shop.gymshark.com/products/gymshark-elevate-cycling-shorts-black-aw22,Women,,Shorts
Elevate Cycling Shorts,Moss Olive,48.0,,https://us.shop.gymshark.com/products/gymshark-elevate-cycling-shorts-moss-olive-aw22,Women,,Shorts
Sweat Seamless Midi Tank,Black,36.0,,https://us.shop.gymshark.com/products/gymshark-sweat-seamless-midi-tank-black-aw22,Women,,Tank
Sweat Seamless Long Sleeve Crop Top,Black,46.0,,https://us.shop.gymshark.com/products/gymshark-sweat-seamless-long-sleeve-crop-top-black-aw22,Women,,Top
Vital Seamless 2.0 V Neck Sports Bra,Black Marl,38.0,,https://us.shop.gymshark.com/products/gymshark-vital-seamless-2-0-v-neck-sports-bra-black-marl-aw22,Women,,Bra
Adapt Marl Seamless Leggings,Atlantic Blue/Shark Blue,36.0,60.0,https://us.shop.gymshark.com/products/gymshark-adapt-marl-seamless-leggings-atlantic-blue-shark-blue-aw22,Women,40.0,Leggings
GS Power Original Leggings,Moss Olive Print,39.2,56.0,https://us.shop.gymshark.com/products/gs-power-original-leggings-moss-olive-print-aw22,Women,29.999999999999993,Leggings
Adapt Animal Seamless Leggings,Reef | Cherry Brown,44.8,64.0,https://us.shop.gymshark.com/products/gymshark-adapt-animal-seamless-leggings-reef-cherry-brown-aw22,Women,30.000000000000004,Leggings
Rest Day Sweats Shorts,Blaze Orange Marl,32.2,46.0,https://us.shop.gymshark.com/products/gymshark-rest-day-sweats-shorts-blaze-orange-marl-aw22,Women,29.999999999999993,Shorts
Elevate Leggings,Lakeside Blue Spray Dye,51.2,64.0,https://us.shop.gymshark.com/products/gymshark-elevate-leggings-lakeside-blue-spray-dye-aw22,Women,19.999999999999996,Leggings
Elevate Leggings,Moss Olive,64.0,,https://us.shop.gymshark.com/products/gymshark-elevate-leggings-moss-olive-aw22,Women,,Leggings
Elevate Cycling Shorts,Rose Brown,48.0,,https://us.shop.gymshark.com/products/gymshark-elevate-cycling-shorts-rose-brown-aw22,Women,,Shorts
Studio Shorts,Apple Green,27.0,45.0,https://us.shop.gymshark.com/products/gymshark-studio-shorts-apple-green-ss22,Women,40.0,Shorts
GS Power Original Leggings,Coastal Blue,42.0,60.0,https://us.shop.gymshark.com/products/gs-power-original-leggings-coastal-blue-aw22,Women,30.0,Leggings
Adapt Animal Seamless Leggings,Reef | Winter Teal,44.8,64.0,https://us.shop.gymshark.com/products/gymshark-adapt-animal-seamless-leggings-reef-winter-teal-aw22,Women,30.000000000000004,Leggings
Sweat Seamless Midi Tank,Baked Maroon,25.2,36.0,https://us.shop.gymshark.com/products/gymshark-sweat-seamless-midi-tank-baked-maroon-aw22,Women,30.000000000000004,Tank
Elevate Leggings,Cement Brown Spray Dye,51.2,64.0,https://us.shop.gymshark.com/products/gymshark-elevate-leggings-cement-brown-spray-dye-aw22,Women,19.999999999999996,Leggings
GS Power Ribbed Midi Tank,Glitch Yellow,36.0,,https://us.shop.gymshark.com/products/gs-power-ribbed-midi-tank-glitch-yellow-aw22,Women,,Tank
Bandeau Sports Bra,White,30.0,,https://us.shop.gymshark.com/products/gymshark-bandeau-sports-bra-white-ss22,Women,,Bra
Vital Seamless 2.0 1/2 Zip Pullover,Black Marl,30.0,50.0,https://us.shop.gymshark.com/products/gymshark-vital-seamless-2-0-1-2-zip-pullover-black-marl-aw22,Women,40.0,Pullover
Sweat Seamless Long Sleeve Crop Top,Rich Teal,32.2,46.0,https://us.shop.gymshark.com/products/gymshark-sweat-seamless-long-sleeve-crop-top-rich-teal-aw22,Women,29.999999999999993,Top
Sweat Seamless Sports Bra,Fluo Lime,32.2,46.0,https://us.shop.gymshark.com/products/gymshark-sweat-seamless-sports-bra-fluo-lime-aw22,Women,29.999999999999993,Bra
Training Sweat Shorts,Pebble Grey,22.4,28.0,https://us.shop.gymshark.com/products/gymshark-training-sweat-shorts-pebble-grey-aw22,Women,20.000000000000004,Shorts
Training Sweat Shorts,White,22.4,28.0,https://us.shop.gymshark.com/products/gymshark-training-sweat-shorts-white-ss22,Women,20.000000000000004,Shorts
Bandeau Sports Bra,Aloe Green,30.0,,https://us.shop.gymshark.com/products/gymshark-bandeau-sports-bra-aloe-green-aw22,Women,,Bra
Bandeau Sports Bra,Nutmeg Brown,30.0,,https://us.shop.gymshark.com/products/gymshark-bandeau-sports-bra-nutmeg-brown-aw22,Women,,Bra
Elevate Leggings,Rose Brown,64.0,,https://us.shop.gymshark.com/products/gymshark-elevate-leggings-rose-brown-aw22,Women,,Leggings
Training Sweat Shorts,Black,28.0,,https://us.shop.gymshark.com/products/gymshark-training-sweat-shorts-black-ss22,Women,,Shorts
Vital Seamless 2.0 2-in-1 Shorts,Sorbet Pink Marl,26.4,44.0,https://us.shop.gymshark.com/products/gymshark-vital-seamless-2-in-1-shorts-sorbet-pink-marl-ss22,Women,40.0,Shorts
Adapt Camo Seamless Leggings,Savanna | Griffin Green,36.0,60.0,https://us.shop.gymshark.com/products/gymshark-adapt-camo-seamless-leggings-savanna-griffin-green-ss22,Women,40.0,Leggings
Vital Seamless 2.0 2-in-1 Shorts,Baked Maroon Marl,30.8,44.0,https://us.shop.gymshark.com/products/gymshark-vital-seamless-2-0-2-in-1-shorts-baked-maroon-marl-aw22,Women,30.0,Shorts
Training Sweat Shorts,Rosewood Red,22.4,28.0,https://us.shop.gymshark.com/products/gymshark-training-sweat-shorts-rosewood-red-aw22,Women,20.000000000000004,Shorts
Vital Seamless 2.0 High Neck Midi Top,Stellar Blue Marl,46.0,,https://us.shop.gymshark.com/products/gymshark-vital-seamless-2-0-high-neck-midi-top-stellar-blue-marl-aw22,Women,,Top
GS Power Minimal Sports Bra,Moss Olive Print,36.0,,https://us.shop.gymshark.com/products/gs-power-minimal-sports-bra-moss-olive-print-aw22,Women,,Bra
Adapt Animal Seamless Leggings,Reef | Black,64.0,,https://us.shop.gymshark.com/products/gymshark-adapt-animal-seamless-leggings-reef-black-aw22,Women,,Leggings
Adapt Animal Seamless Crop Tank,Reef | Cherry Brown,48.0,,https://us.shop.gymshark.com/products/gymshark-adapt-animal-seamless-crop-tank-reef-cherry-brown-aw22,Women,,Tank
Vital Seamless 2.0 High Neck Midi Top,Black Marl,46.0,,https://us.shop.gymshark.com/products/gymshark-vital-seamless-2-0-high-neck-midi-top-black-marl-aw22,Women,,Top
Adapt Fleck Seamless Leggings,Mineral | Black,60.0,,https://us.shop.gymshark.com/products/gymshark-adapt-seamless-leggings-fleck-black,Women,,Leggings
Studio Tank,Dragon Pink,22.5,45.0,https://us.shop.gymshark.com/products/gymshark-studio-tank-dragon-pink-ss22,Women,50.0,Tank
Elevate Woven Jacket,Coin Grey Spray Dye,51.8,74.0,https://us.shop.gymshark.com/products/gymshark-elevate-woven-jacket-coin-grey-spray-dye-aw22,Women,30.000000000000004,Jacket
Elevate Woven Jacket,Cement Brown Spray Dye,51.8,74.0,https://us.shop.gymshark.com/products/gymshark-elevate-woven-jacket-cement-brown-spray-dye-aw22,Women,30.000000000000004,Jacket
Training Leggings,Coastal Blue,30.4,38.0,https://us.shop.gymshark.com/products/gymshark-training-leggings-coastal-blue-aw22,Women,20.000000000000004,Leggings
Vital Seamless 2.0 2-in-1 Shorts,Pearl Blue Marl,30.8,44.0,https://us.shop.gymshark.com/products/gymshark-vital-seamless-2-0-2-in-1-shorts-pearl-blue-marl-aw22,Women,30.0,Shorts
Elevate All In One ,Cement Brown Spray Dye,56.0,70.0,https://us.shop.gymshark.com/products/gymshark-elevate-all-in-one-cement-brown-spray-dye-aw22,Women,20.0,One
Adapt Animal Seamless Leggings, Wild | Iguana Green,64.0,,https://us.shop.gymshark.com/products/gymshark-adapt-animal-seamless-leggings-wild-iguana-green-aw22,Women,,Leggings
Vital Seamless 2.0 V Neck Sports Bra,Stellar Blue Marl,38.0,,https://us.shop.gymshark.com/products/gymshark-vital-seamless-2-0-v-neck-sports-bra-stella-blue-marl-aw22,Women,,Bra
GS Power Ribbed Midi Tank,Sweet Pink,36.0,,https://us.shop.gymshark.com/products/gs-power-ribbed-midi-tank-sweet-pink-aw22,Women,,Tank
Adapt Camo Seamless Sports Bra,Pebble Grey/Soul Brown,46.0,,https://us.shop.gymshark.com/products/gymshark-adapt-camo-seamless-sports-bra-pebble-grey-soul-brown-aw22,Women,,Bra
Bandeau Sports Bra,Pearl Blue,30.0,,https://us.shop.gymshark.com/products/gymshark-bandeau-sports-bra-pearl-blue-aw22,Women,,Bra
Flex Strappy Sports Bra,Medallion Yellow/White Marl,36.0,,https://us.shop.gymshark.com/products/gymshark-flex-strappy-sports-bra-medallion-yellow-white-marl-aw22,Women,,Bra
Training Cycling Shorts,Black,28.0,,https://us.shop.gymshark.com/products/gymshark-training-cycling-shorts-black-ss22,Women,,Shorts
Training Sweat Shorts,Firefly Green,19.6,28.0,https://us.shop.gymshark.com/products/gymshark-training-sweat-shorts-firefly-green-ss22,Women,29.999999999999993,Shorts
Training Sweat Shorts,Maya Blue,19.6,28.0,https://us.shop.gymshark.com/products/gymshark-training-sweat-shorts-maya-blue-ss22,Women,29.999999999999993,Shorts
Training Loose Fit Shorts,Aqua Blue,22.4,28.0,https://us.shop.gymshark.com/products/gymshark-training-loose-fit-shorts-aqua-blue-aw22,Women,20.000000000000004,Shorts
Adapt Animal Seamless Leggings,Wild | Musk Lilac,64.0,,https://us.shop.gymshark.com/products/gymshark-adapt-animal-seamless-leggings-wild-musk-lilac-aw22,Women,,Leggings
Training Leggings,Obsidian Green,38.0,,https://us.shop.gymshark.com/products/gymshark-training-leggings-obsidian-green-aw22,Women,,Leggings
Vital Seamless 2.0 High Neck Midi Top,Woodland Green Marl,46.0,,https://us.shop.gymshark.com/products/gymshark-vital-seamless-2-0-high-neck-midi-top-woodland-green-marl-aw22,Women,,Top
GS Power Original Leggings,Black,56.0,,https://us.shop.gymshark.com/products/gs-power-original-leggings-black-aw22,Women,,Leggings
Studio 7/8 Leggings,Hibiscus Pink,36.0,60.0,https://us.shop.gymshark.com/products/gymshark-studio-leggings-hibiscus-pink-ss22,Women,40.0,Leggings
Adapt Ombre Seamless Shorts,Triangle | Taupe Grey Print,27.0,45.0,https://us.shop.gymshark.com/products/gymshark-adapt-ombre-seamless-shorts-triangle-taupe-grey-print-ss22,Women,40.0,Shorts
Adapt Animal Seamless Sports Bra, Wild | Black,46.0,,https://us.shop.gymshark.com/products/gymshark-adapt-animal-seamless-sports-bra-wild-black-aw22,Women,,Bra
GS Power Original Tight Shorts,Coastal Blue,46.0,,https://us.shop.gymshark.com/products/gs-power-original-tight-shorts-coastal-blue-aw22,Women,,Shorts
Minimal Sports Bra,Hoya Green,30.0,,https://us.shop.gymshark.com/products/gymshark-minimal-sports-bra-hoya-green-aw22,Women,,Bra
Retake Sweat Crew,Black,42.0,70.0,https://us.shop.gymshark.com/products/gymshark-retake-sweat-crew-black-aw22,Women,40.0,Crew
Adapt Animal Seamless Leggings,Firefly Yellow,36.0,60.0,https://us.shop.gymshark.com/products/gymshark-adapt-animal-seamless-leggings-firefly-yellow-ss22,Women,40.0,Leggings
Pause Knitwear Pants,Black/Onyx Grey,80.0,,https://us.shop.gymshark.com/products/gymshark-pause-knitwear-joggers-black-onyx-grey-aw22,Women,,Pants
Social Club Oversized T-Shirt,Cherry Brown,36.0,,https://us.shop.gymshark.com/products/gymshark-social-club-oversized-t-shirt-cherry-brown-aw22,Women,,T-shirt
Rest Day Sweats Cropped Pullover,Steel Blue Marl,56.0,,https://us.shop.gymshark.com/products/gymshark-rest-day-sweats-cropped-pullover-steel-blue-marl-aw22,Women,,Pullover
Adapt Camo Seamless Track Jacket,Moss Olive/Aloe Green,48.0,80.0,https://us.shop.gymshark.com/products/gymshark-adapt-camo-seamless-track-jacket-moss-olive-aloe-green-aw22,Women,40.0,Jacket
Social Club Bandeau,Rose Brown,38.0,,https://us.shop.gymshark.com/products/gymshark-social-club-bandeau-rose-brown-aw22,Accessory,,Other
Ruched Sports Bra,Turmeric Yellow,30.0,,https://us.shop.gymshark.com/products/gymshark-ruched-sports-bra-turmeric-yellow-aw22,Women,,Bra
Elevate All In One ,Rose Brown,70.0,,https://us.shop.gymshark.com/products/gymshark-elevate-all-in-one-rose-brown-aw22,Women,,One
Adapt Camo Seamless Track Jacket,Black/Light Grey,48.0,80.0,https://us.shop.gymshark.com/products/gymshark-adapt-camo-seamless-track-jacket-black-light-grey-aw22,Women,40.0,Jacket
Rest Day Sweats Cropped Pullover,Blaze Orange Marl,33.6,56.0,https://us.shop.gymshark.com/products/gymshark-rest-day-sweats-cropped-pullover-blaze-orange-marl-aw22,Women,40.0,Pullover
Training 7/8 Leggings,Lakeside Blue,30.4,38.0,https://us.shop.gymshark.com/products/gymshark-training-7-8-leggings-lakeside-blue-aw22,Women,20.000000000000004,Leggings
Training Leggings,Pepper Red,30.4,38.0,https://us.shop.gymshark.com/products/gymshark-training-leggings-pepper-red-aw22,Women,20.000000000000004,Leggings
Adapt Animal Seamless Sports Bra,Wild |  Musk Lilac,46.0,,https://us.shop.gymshark.com/products/gymshark-adapt-animal-seamless-sports-bra-wild-musk-lilac-aw22,Women,,Bra
GS Power Long Sleeve T-Shirt,Moss Olive,46.0,,https://us.shop.gymshark.com/products/gs-power-long-sleeve-t-shirt-moss-olive-aw22,Women,,T-shirt
Rest Day Sweats Shorts,Black Core Marl,46.0,,https://us.shop.gymshark.com/products/gymshark-rest-day-sweats-shorts-black-core-marl-aw22,Women,,Shorts
Seamless Scoop Neck Bralette,Golden Light Brown,20.0,,https://us.shop.gymshark.com/products/gymshark-seamless-high-neck-bralette-golden-light-brown-ss22,Women,,Bralette
Bow Scrunchie,Sweet Pink,9.6,12.0,https://us.shop.gymshark.com/products/gymshark-bow-scrunchie-sweet-pink-aw22,Accessory,20.000000000000004,Other
Pause Knitwear Hoodie,Black/Onyx Grey,48.0,80.0,https://us.shop.gymshark.com/products/gymshark-pause-knitwear-hoodie-black-onyx-grey-aw22,Women,40.0,Hoodie
Social Club Oversized T-Shirt,Moss Olive,36.0,,https://us.shop.gymshark.com/products/gymshark-social-club-oversized-t-shirt-moss-olive-aw22,Women,,T-shirt
Social Club Joggers,Cherry Brown,44.0,,https://us.shop.gymshark.com/products/gymshark-social-club-joggers-cherry-brown-aw22,Women,,Joggers
Fraction Sports Bra,Hoya Green,34.0,,https://us.shop.gymshark.com/products/gymshark-fraction-sports-bra-hoya-green-aw22,Women,,Bra
Elevate Asymmetric Tank,Black,38.0,,https://us.shop.gymshark.com/products/gymshark-elevate-asymmetric-tank-black-aw22,Women,,Tank
Training Cropped Sweater,Black,40.0,,https://us.shop.gymshark.com/products/gymshark-training-cropped-sweater-black-aw22,Accessory,,Other
Training Crop Tank,Black,20.0,,https://us.shop.gymshark.com/products/gymshark-training-crop-tank-black-ss22,Women,,Tank
Rest Day Sweats 1/2 Zip Pullover,Refreshing Green Marl,56.0,,https://us.shop.gymshark.com/products/gymshark-rest-day-sweats-1-2-zip-pullover-refreshing-green-marl-aw22,Women,,Pullover
Adapt Camo Seamless Lace Up Back Top,Pebble Grey/Soul Brown,50.0,,https://us.shop.gymshark.com/products/gymshark-adapt-camo-seamless-lace-back-top-pebble-grey-soul-brown-aw22,Women,,Top
Adapt Camo Seamless Shorts,Lava | Storm Red/Cherry Brown,33.6,48.0,https://us.shop.gymshark.com/products/gymshark-adapt-camo-seamless-shorts-storm-red-cherry-brown-aw22,Women,30.0,Shorts
Training Brandmark Cycling Shorts,Salsa Red,28.8,36.0,https://us.shop.gymshark.com/products/gymshark-training-brandmark-cycling-shorts-salsa-red-aw22,Women,20.0,Shorts
Bow Scrunchie,Black,9.6,12.0,https://us.shop.gymshark.com/products/gymshark-bow-scrunchie-black-aw22,Accessory,20.000000000000004,Other
Legacy Washed Crop Top,Hoya Green,30.0,,https://us.shop.gymshark.com/products/gymshark-legacy-washed-crop-top-hoya-green-aw22,Women,,Top
Social Club Shorts,Rose Brown,36.0,,https://us.shop.gymshark.com/products/gymshark-social-club-shorts-rose-brown-aw22,Women,,Shorts
Training Cycling Shorts,Turmeric Yellow,22.4,28.0,https://us.shop.gymshark.com/products/gymshark-training-cycling-shorts-turmeric-yellow-aw22,Women,20.000000000000004,Shorts
Bow Scrunchie,Cherry Brown,9.6,12.0,https://us.shop.gymshark.com/products/gymshark-bow-scrunchie-cherry-brown-aw22,Accessory,20.000000000000004,Other
Legacy Washed Crop Top,Black,30.0,,https://us.shop.gymshark.com/products/gymshark-legacy-washed-crop-top-black-aw22,Women,,Top
Adapt Animal Seamless Sports Bra,Wild | Iguana Green,46.0,,https://us.shop.gymshark.com/products/gymshark-adapt-animal-seamless-sports-bra-wild-iguana-green-aw22,Women,,Bra
Adapt Animal Seamless Sports Bra,Wild | Navy,46.0,,https://us.shop.gymshark.com/products/gymshark-adapt-animal-seamless-sports-bra-wild-navy-aw22,Women,,Bra
Adapt Animal Seamless Crop Tank,Reef | Winter Teal,48.0,,https://us.shop.gymshark.com/products/gymshark-adapt-animal-seamless-crop-tank-reef-winter-teal-aw22,Women,,Tank
Social Club Shorts,Moss Olive,36.0,,https://us.shop.gymshark.com/products/gymshark-social-club-shorts-moss-olive-aw22,Women,,Shorts
Adapt Animal Seamless Lace Up Back Top,Wild | Navy,50.0,,https://us.shop.gymshark.com/products/gymshark-adapt-animal-seamless-lace-up-back-top-wild-navy-aw22,Women,,Top
Elevate Flared Leggings,Moss Olive,68.0,,https://us.shop.gymshark.com/products/gymshark-elevate-flared-leggings-moss-olive-aw22,Women,,Leggings
Vital Seamless 2.0 Leggings,Smokey Grey Marl,54.0,,https://us.shop.gymshark.com/products/gymshark-vital-seamless-leggings-smokey-grey-marl-logo,Women,,Leggings
Adapt Animal Sweatshirt,Reef | Winter Teal,40.8,68.0,https://us.shop.gymshark.com/products/gymshark-adapt-animal-sweatshirt-reef-winter-teal-aw22,Women,40.0,Sweatshirt
Vital Seamless 2.0 Leggings,Baked Maroon Marl,54.0,,https://us.shop.gymshark.com/products/gymshark-vital-seamless-2-0-leggings-baked-maroon-marl-aw22,Women,,Leggings
Vital Seamless 2.0 High Neck Midi Top,Pearl Blue Marl,32.2,46.0,https://us.shop.gymshark.com/products/gymshark-vital-seamless-2-0-high-neck-midi-top-pearl-blue-marl-aw22,Women,29.999999999999993,Top
Social Club Oversized Hoodie,Cherry Brown,50.0,,https://us.shop.gymshark.com/products/gymshark-social-club-oversized-hoodie-cherry-brown-aw22,Women,,Hoodie
Elevate All In One ,Black,70.0,,https://us.shop.gymshark.com/products/gymshark-elevate-all-in-one-black-aw22,Women,,One
GS Power Cropped Zip Hoodie,Black,56.0,,https://us.shop.gymshark.com/products/gymshark-power-cropped-zip-hoodie-black-aw22,Women,,Hoodie
Adapt Camo Seamless Long Sleeve Top,Light Grey/Black,46.0,,https://us.shop.gymshark.com/products/gymshark-adapt-camo-seamless-long-sleeve-top-light-grey-black-aw22,Women,,Top
Pause Knitwear Hoodie,Cement Brown/Pebble Grey,48.0,80.0,https://us.shop.gymshark.com/products/gymshark-pause-knitwear-hoodie-cement-brown-pebble-grey-aw22,Women,40.0,Hoodie
Rest Day Seamless Bralette,Coffee Brown,38.0,,https://us.shop.gymshark.com/products/gymshark-rest-day-seamless-bralette-coffee-brown-aw22,Women,,Bralette
Adapt Animal Seamless Lace Up Back Top,Wild | Musk Lilac,50.0,,https://us.shop.gymshark.com/products/gymshark-adapt-animal-seamless-lace-up-back-top-wild-musk-lilac-aw22,Women,,Top
Adapt Animal Seamless Crop 1/2 Zip,Firefly Yellow,31.5,45.0,https://us.shop.gymshark.com/products/gymshark-adapt-animal-seamless-crop-1-2-zip-firefly-yellow-ss22,Women,30.0,Zip
Adapt Animal Seamless Long Sleeve Top,Wild | Musk Lilac,46.0,,https://us.shop.gymshark.com/products/gymshark-adapt-animal-seamless-long-sleeve-top-wild-musk-lilac-aw22,Women,,Top
Vital Seamless 1/2 Zip,Woodland Green Marl,50.0,,https://us.shop.gymshark.com/products/gymshark-vital-seamless-1-2-zip-woodland-green-marl-aw22,Women,,Zip
Studio Gym Bag,Black,43.2,48.0,https://us.shop.gymshark.com/products/gymshark-studio-holdall-black-aw21,Accessory,9.999999999999993,Other
Pause Knitwear Long Sleeve Top,Charred Blue/Tame Blue,64.0,,https://us.shop.gymshark.com/products/gymshark-pause-knitwear-long-sleeve-top-charred-blue-tame-blue-aw22,Women,,Top
Vital Seamless 2.0 V Neck Sports Bra,Digital Violet Marl,38.0,,https://us.shop.gymshark.com/products/gymshark-vital-seamless-2-0-v-neck-sports-bra-digital-violet-marl-aw22,Women,,Bra
Training Brandmark Leggings,Salsa Red,38.4,48.0,https://us.shop.gymshark.com/products/gymshark-training-brandmark-leggings-salsa-red-aw22,Women,20.000000000000004,Leggings
Social Club Joggers,Moss Olive,44.0,,https://us.shop.gymshark.com/products/gymshark-social-club-joggers-moss-olive-aw22,Women,,Joggers
Adapt Animal Zip Through,Wild | Navy,66.0,,https://us.shop.gymshark.com/products/gymshark-adapt-animal-zip-through-wild-navy-aw22,Women,,Through
Gs Power Cropped Zip Hoodie,Sweet Pink,56.0,,https://us.shop.gymshark.com/products/gymshark-power-cropped-zip-hoodie-sweet-pink-aw22,Women,,Hoodie
Vital Seamless 2.0 Joggers,Baked Maroon Marl,40.6,58.0,https://us.shop.gymshark.com/products/gymshark-vital-seamless-2-0-joggers-baked-maroon-marl-aw22,Women,30.0,Joggers
Legacy Ruched Tight Shorts,Hoya Green,40.0,,https://us.shop.gymshark.com/products/gymshark-legacy-ruched-tight-shorts-hoya-green-aw22,Women,,Shorts
Adapt Animal Seamless Long Sleeve Top,Wild | Navy,46.0,,https://us.shop.gymshark.com/products/gymshark-adapt-animal-seamless-long-sleeve-top-wild-navy-aw22,Women,,Top
Legacy Ruched Tight Shorts,Lakeside Blue,40.0,,https://us.shop.gymshark.com/products/gymshark-legacy-ruched-tight-shorts-lakeside-blue-aw22,Women,,Shorts
Legacy Ruched Tight Shorts,Black,40.0,,https://us.shop.gymshark.com/products/gymshark-legacy-ruched-tight-shorts-black-aw22,Women,,Shorts
Scoop Neck Sports Bra,Cayenne Red,34.0,,https://us.shop.gymshark.com/products/gymshark-scoop-neck-sports-bra-cayenne-red-aw22,Women,,Bra
GS Power Joggers,Moss Olive,56.0,,https://us.shop.gymshark.com/products/gs-power-joggers-moss-olive-aw22,Women,,Joggers
Training Brandmark Tank,Salsa Red,36.0,,https://us.shop.gymshark.com/products/gymshark-training-brandmark-tank-salsa-red-aw22,Women,,Tank
Pause Knitwear Long Sleeve Top,Cement Brown/Pebble Grey,64.0,,https://us.shop.gymshark.com/products/gymshark-pause-knitwear-long-sleeve-top-cement-brown-pebble-grey-aw22,Women,,Top
Legacy Ruched Tight Shorts,Deep Pink,40.0,,https://us.shop.gymshark.com/products/gymshark-legacy-ruched-tight-shorts-deep-pink-aw22,Women,,Shorts
Rest Day Sweats Shorts,Light Grey Core Marl,46.0,,https://us.shop.gymshark.com/products/gymshark-rest-day-sweats-shorts-light-grey-core-marl-aw22,Women,,Shorts
Seamless Jacquard Bralette,Charred Blue,28.0,,https://us.shop.gymshark.com/products/gymshark-seamless-jacquard-bralette-charred-blue-aw22,Women,,Bralette
Retake Sweat Crew,Cherry Brown,42.0,70.0,https://us.shop.gymshark.com/products/gymshark-retake-sweat-crew-cherry-brown-aw22,Women,40.0,Crew
Pause Knitwear Long Sleeve Top,Black/Onyx Grey,64.0,,https://us.shop.gymshark.com/products/gymshark-pause-knitwear-long-sleeve-top-black-onyx-grey-aw22,Women,,Top
Seamless Jacquard Bralette,Black,28.0,,https://us.shop.gymshark.com/products/gymshark-seamless-jacquard-bralette-black-aw22,Women,,Bralette
Seamless Jacquard Bralette,Currant Pink,28.0,,https://us.shop.gymshark.com/products/gymshark-seamless-jacquard-bralette-currant-pink-aw22,Women,,Bralette
Adapt Animal Seamless Long Sleeve Top,Wild | Black,46.0,,https://us.shop.gymshark.com/products/gymshark-adapt-animal-seamless-long-sleeve-top-wild-black-aw22,Women,,Top
Rest Day Sweats Cropped Pullover,Black Core Marl,56.0,,https://us.shop.gymshark.com/products/gymshark-rest-day-sweats-cropped-pullover-black-core-marl-aw22,Women,,Pullover
Elevate Asymmetric Tank,Moss Olive,38.0,,https://us.shop.gymshark.com/products/gymshark-elevate-asymmetric-tank-moss-olive-aw22,Women,,Tank
Training 7/8 Leggings,Core Olive,30.4,38.0,https://us.shop.gymshark.com/products/gymshark-training-7-8-leggings-core-olive-aw22,Women,20.000000000000004,Leggings
Retake Sweat Crew,Puddle Brown,70.0,,https://us.shop.gymshark.com/products/gymshark-retake-sweat-crew-puddle-brown-aw22,Women,,Crew
Legacy Washed Crop Top,Lakeside Blue,30.0,,https://us.shop.gymshark.com/products/gymshark-legacy-washed-crop-top-lakeside-blue-aw22,Women,,Top
Seamless Jacquard Boxers,Black,22.0,,https://us.shop.gymshark.com/products/gymshark-seamless-jacquard-boxers-black-aw22,Accessory,,Other
Seamless Jacquard Boxers,Charred Blue,22.0,,https://us.shop.gymshark.com/products/gymshark-seamless-jacquard-boxers-charred-blue-aw22,Accessory,,Other
Adapt Animal Zip Through,Wild | Black,66.0,,https://us.shop.gymshark.com/products/gymshark-adapt-animal-zip-through-wild-black-aw22,Women,,Through
Training Fleece 1/4 Zip,Magenta Pink,42.0,60.0,https://us.shop.gymshark.com/products/gymshark-training-fleece-1-4-zip-magenta-pink-aw22,Women,30.0,Zip
Pause Cardigan,Charred Blue,54.0,,https://us.shop.gymshark.com/products/gymshark-pause-cardigan-charred-blue-aw22,Women,,Otherigan
Rest Day Sweats Joggers,Steel Blue Marl,56.0,,https://us.shop.gymshark.com/products/gymshark-rest-day-sweats-joggers-steel-blue-marl-aw22,Women,,Joggers
Legacy Leggings,Lakeside Blue,54.0,,https://us.shop.gymshark.com/products/gymshark-legacy-leggings-lakeside-blue-aw22,Women,,Leggings
Elevate Asymmetric Tank,Rose Brown,38.0,,https://us.shop.gymshark.com/products/gymshark-elevate-asymmetric-tank-rose-brown-aw22,Women,,Tank
Elevate Asymmetric Tank,Lakeside Blue,38.0,,https://us.shop.gymshark.com/products/gymshark-elevate-asymmetric-tank-lakeside-blue-aw22,Women,,Tank
Pause Cardigan,Black,54.0,,https://us.shop.gymshark.com/products/gymshark-pause-cardigan-black-aw22,Women,,Otherigan
Training Woven Joggers,Cherry Brown,48.0,,https://us.shop.gymshark.com/products/gymshark-training-woven-joggers-cherry-brown-aw22,Women,,Joggers
Pause Borg Pullover,Black,88.0,,https://us.shop.gymshark.com/products/gymshark-pause-borg-pullover-black-aw22,Women,,Pullover
315 Long Sleeve Warmup Top,Pearl Blue/Winter Teal Marl,39.2,56.0,https://us.shop.gymshark.com/products/gymshark-315-long-sleeve-warmup-top-pearl-blue-winter-teal-marl-aw22,Women,29.999999999999993,Top
Legacy Washed Long Sleeve Top,Hoya Green,40.0,,https://us.shop.gymshark.com/products/gymshark-legacy-washed-long-sleeve-top-hoya-green-aw22,Women,,Top
Legacy Washed Long Sleeve Top,Lakeside Blue,40.0,,https://us.shop.gymshark.com/products/gymshark-legacy-washed-long-sleeve-top-lakeside-blue-aw22,Women,,Top
Rest Day Sweats Joggers,Cinnamon Brown Marl,56.0,,https://us.shop.gymshark.com/products/gymshark-rest-day-sweats-joggers-cinnamon-brown-marl-aw22,Women,,Joggers
Training Cropped Hoodie,Black,40.0,,https://us.shop.gymshark.com/products/gymshark-training-cropped-hoodie-black-aw22,Women,,Hoodie
Seamless Jacquard Boxers,Currant Pink,22.0,,https://us.shop.gymshark.com/products/gymshark-seamless-jacquard-boxers-currant-pink-aw22,Accessory,,Other
Vital Seamless 2.0 V Neck Sports Bra,Pearl Blue Marl,38.0,,https://us.shop.gymshark.com/products/gymshark-vital-seamless-2-0-v-neck-sports-bra-pearl-blue-marl-aw22,Women,,Bra
Rest Day Sweats Hoodie,Light Grey Core Marl,60.0,,https://us.shop.gymshark.com/products/gymshark-rest-day-sweats-hoodie-light-grey-core-marl-aw22,Women,,Hoodie
Retake Woven Jacket,Black,98.0,,https://us.shop.gymshark.com/products/gymshark-retake-woven-jacket-black-aw22,Women,,Jacket
Sweat Seamless Sports Bra,Black,46.0,,https://us.shop.gymshark.com/products/gymshark-sweat-seamless-sports-bra-black-aw22,Women,,Bra
Training Woven Joggers,Black,48.0,,https://us.shop.gymshark.com/products/gymshark-training-woven-joggers-black,Women,,Joggers
Retake Woven Jacket,Puddle Brown,98.0,,https://us.shop.gymshark.com/products/gymshark-retake-woven-jacket-puddle-brown-aw22,Women,,Jacket
Studio 7/8 Leggings,Apple Green,36.0,60.0,https://us.shop.gymshark.com/products/gymshark-studio-leggings-apple-green-ss22,Women,40.0,Leggings
Studio Tank,Apple Green,22.5,45.0,https://us.shop.gymshark.com/products/gymshark-studio-tank-apple-green-ss22,Women,50.0,Tank
Studio 7/8 All In One,Dragon Pink,42.0,70.0,https://us.shop.gymshark.com/products/gymshark-studio-all-in-one-dragon-pink-ss22,Women,40.0,One
Training Oversized Long Sleeve Top,White,36.0,,https://us.shop.gymshark.com/products/gymshark-training-oversized-long-sleeve-top-white-aw22,Women,,Top
Retake Track Joggers,Black,70.0,,https://us.shop.gymshark.com/products/gymshark-retake-track-joggers-black-aw22,Women,,Joggers
Retake Track Joggers,Puddle Brown,70.0,,https://us.shop.gymshark.com/products/gymshark-retake-track-joggers-puddle-brown-aw22,Women,,Joggers
Retake Track Joggers,Charred Blue,70.0,,https://us.shop.gymshark.com/products/gymshark-retake-track-joggers-charred-blue-aw22,Women,,Joggers
Rest Day Sweats Shorts,Sand Marl,46.0,,https://us.shop.gymshark.com/products/gymshark-rest-day-sweats-shorts-sand-marl-ss22,Women,,Shorts
Sport Running Leggings,Neptune Purple,35.0,50.0,https://us.shop.gymshark.com/products/gymshark-sport-running-leggings-neptune-purple-aw22,Women,30.0,Leggings
Sport Running Leggings,Neptune Purple Print,35.0,50.0,https://us.shop.gymshark.com/products/gymshark-sport-running-leggings-neptune-purple-print-aw22,Women,30.0,Leggings
Sport Running Leggings,Black Print,35.0,50.0,https://us.shop.gymshark.com/products/gymshark-sport-running-leggings-black-print-aw22,Women,30.0,Leggings
Bow Scrunchie,Desert Sage Green,9.6,12.0,https://us.shop.gymshark.com/products/gymshark-bow-scrunchie-desert-sage-green-ss23,Accessory,20.000000000000004,Other
Whitney Baseball Cap,Indigo Navy,25.2,28.0,https://us.shop.gymshark.com/products/gymshark-whitney-baseball-cap-indigo-navy-ss22,Accessory,10.000000000000002,Other
Whitney Baseball Cap,Sunset Beige,25.2,28.0,https://us.shop.gymshark.com/products/gymshark-whitney-baseball-cap-sunset-beige-ss22,Accessory,10.000000000000002,Other
Whitney Tab Crew Socks 1pk,Sea Kelp Green,12.6,14.0,https://us.shop.gymshark.com/products/gymshark-whitney-tab-crew-socks-1pk-sea-kelp-green-ss22,Accessory,10.000000000000002,Other
Whitney Tab Crew Socks 1pk,Indigo Navy,12.6,14.0,https://us.shop.gymshark.com/products/gymshark-whitney-tab-crew-socks-1pk-indigo-navy-ss22,Accessory,10.000000000000002,Other
Whitney Straw Bottle,Sea Kelp Green,23.4,26.0,https://us.shop.gymshark.com/products/gymshark-whitney-straw-bottle-sea-kelp-green-ss22,Accessory,10.000000000000005,Other
Adapt Fleck Seamless Leggings,Jewel Green,60.0,,https://us.shop.gymshark.com/products/gymshark-adapt-fleck-seamless-leggings-jewel-green-ss23,Women,,Leggings
Adapt Fleck Seamless Leggings,Sandstone Brown,60.0,,https://us.shop.gymshark.com/products/gymshark-adapt-fleck-seamless-leggings-sandstone-brown-ss23,Women,,Leggings
Adapt Fleck Seamless Sports Bra,Jewel Green,46.0,,https://us.shop.gymshark.com/products/gymshark-adapt-fleck-seamless-sports-bra-jewel-green-ss23,Women,,Bra
Adapt Fleck Seamless Sports Bra,Chocolate Brown,46.0,,https://us.shop.gymshark.com/products/gymshark-adapt-fleck-seamless-sports-bra-chocolate-brown-ss23,Women,,Bra
Adapt Fleck Seamless Sports Bra,Sandstone Brown,46.0,,https://us.shop.gymshark.com/products/gymshark-adapt-fleck-seamless-sports-bra-sandstone-brown-ss23,Women,,Bra
Adapt Fleck Seamless Sports Bra,Evening Blue,46.0,,https://us.shop.gymshark.com/products/gymshark-adapt-fleck-seamless-sports-bra-evening-blue-ss23,Women,,Bra
Sweat Seamless Long Sleeve Crop Top,Aerospace Orange,46.0,,https://us.shop.gymshark.com/products/gymshark-sweat-seamless-long-sleeve-crop-top-aerospace-orange-ss23,Women,,Top
Sweat Seamless Long Sleeve Crop Top,Evening Blue,46.0,,https://us.shop.gymshark.com/products/gymshark-sweat-seamless-long-sleeve-crop-top-evening-blue-ss23,Women,,Top
Sweat Seamless Midi Tank,Evening Blue,36.0,,https://us.shop.gymshark.com/products/gymshark-sweat-seamless-midi-tank-evening-blue-ss23,Women,,Tank
Sweat Seamless Longline Sports Bra,Dusty Olive,48.0,,https://us.shop.gymshark.com/products/gymshark-sweat-seamless-longline-sports-bra-dusty-olive-ss23,Women,,Bra
Sweat Seamless Midi Tank,Paradise Blue,36.0,,https://us.shop.gymshark.com/products/gymshark-sweat-seamless-midi-tank-paradise-blue-ss23,Women,,Tank
Sweat Seamless Sports Bra,Evening Blue,46.0,,https://us.shop.gymshark.com/products/gymshark-sweat-seamless-sports-bra-evening-blue-ss23,Women,,Bra
Sweat Seamless Longline Sports Bra,Black,48.0,,https://us.shop.gymshark.com/products/gymshark-sweat-seamless-longline-sports-bra-black-ss23,Women,,Bra
Sweat Seamless Longline Sports Bra,Terracotta Pink,48.0,,https://us.shop.gymshark.com/products/gymshark-sweat-seamless-longline-sports-bra-terracotta-pink-ss23,Women,,Bra
Training Cami Tank,Desert Sage Green,26.0,,https://us.shop.gymshark.com/products/gymshark-training-cami-tank-desert-sage-green-ss23,Women,,Tank
Training Cami Tank,Scandi Pink,26.0,,https://us.shop.gymshark.com/products/gymshark-training-cami-tank-scandi-pink-ss23,Women,,Tank
Training Cami Tank,Navy,26.0,,https://us.shop.gymshark.com/products/gymshark-training-cami-tank-navy-ss23,Women,,Tank
Cotton Rib Midi Tank,Onyx Grey,30.0,,https://us.shop.gymshark.com/products/gymshark-cotton-rib-midi-tank-onyx-grey-ss23,Women,,Tank
Cotton Rib Midi Tank,Misty Pink,30.0,,https://us.shop.gymshark.com/products/gymshark-cotton-rib-midi-tank-misty-pink-ss23,Women,,Tank
Cotton Rib Midi Tank,White,30.0,,https://us.shop.gymshark.com/products/gymshark-cotton-rib-midi-tank-white-ss23,Women,,Tank
Cotton Boxy Crop Top,Misty Pink,30.0,,https://us.shop.gymshark.com/products/gymshark-cotton-boxy-crop-top-misty-pink-ss23,Women,,Top
Cotton Boxy Crop Top,Jewel Green,30.0,,https://us.shop.gymshark.com/products/gymshark-cotton-boxy-crop-top-jewel-green-ss23,Women,,Top
Cotton Boxy Crop Top,Evening Blue,30.0,,https://us.shop.gymshark.com/products/gymshark-cotton-boxy-crop-top-evening-blue-ss23,Women,,Top
Cotton Boxy Crop Top,White,30.0,,https://us.shop.gymshark.com/products/gymshark-cotton-boxy-crop-top-white-ss23,Women,,Top
Cotton Oversized Long Sleeve Top,Onyx Grey,40.0,,https://us.shop.gymshark.com/products/gymshark-cotton-oversized-long-sleeve-top-onyx-grey-ss23,Women,,Top
Cotton Oversized Long Sleeve Top,White,40.0,,https://us.shop.gymshark.com/products/gymshark-cotton-oversized-long-sleeve-top-white-ss23,Women,,Top
Activated Graphic Cycling Shorts,Black,36.0,,https://us.shop.gymshark.com/products/gymshark-activated-graphic-cycling-shorts-black-ss23,Women,,Shorts
Sweat Seamless Shorts,Black,48.0,,https://us.shop.gymshark.com/products/gymshark-sweat-seamless-shorts-black-ss23,Women,,Shorts
Activated Graphic Cycling Shorts,Tropic Green,36.0,,https://us.shop.gymshark.com/products/gymshark-activated-graphic-cycling-shorts-tropic-green-ss23,Women,,Shorts
Sweat Seamless Shorts,Aerospace Orange,48.0,,https://us.shop.gymshark.com/products/gymshark-sweat-seamless-shorts-aerospace-orange-ss23,Women,,Shorts
Sweat Seamless Shorts,Evening Blue,48.0,,https://us.shop.gymshark.com/products/gymshark-sweat-seamless-shorts-evening-blue-ss23,Women,,Shorts
Sweat Seamless Shorts,Paradise Blue,48.0,,https://us.shop.gymshark.com/products/gymshark-sweat-seamless-shorts-paradise-blue-ss23,Women,,Shorts
Sweat Seamless Leggings,Dusty Olive,60.0,,https://us.shop.gymshark.com/products/gymshark-sweat-seamless-leggings-dusty-olive-ss23,Women,,Leggings
Sweat Seamless Leggings,Terracotta Pink,60.0,,https://us.shop.gymshark.com/products/gymshark-sweat-seamless-leggings-terracotta-pink-ss23,Women,,Leggings
Cotton Rib Midi Tank,Brown,30.0,,https://us.shop.gymshark.com/products/gymshark-cotton-rib-midi-tank-brown-ss23,Women,,Tank
Sweat Seamless Leggings,Evening Blue,60.0,,https://us.shop.gymshark.com/products/gymshark-sweat-seamless-leggings-evening-blue-ss23,Women,,Leggings
Rest Day Sweats Cropped Pullover,Sand Marl,56.0,,https://us.shop.gymshark.com/products/gymshark-rest-day-sweats-cropped-pullover-sand-marl-ss23,Women,,Pullover
Training Loose Fit Shorts,Tropic Green,28.0,,https://us.shop.gymshark.com/products/gymshark-training-loose-fit-shorts-tropic-green-ss23,Women,,Shorts
Training Loose Fit Shorts,Evening Blue,28.0,,https://us.shop.gymshark.com/products/gymshark-training-loose-fit-shorts-evening-blue-ss23,Women,,Shorts
Training Woven Joggers,Evening Blue,48.0,,https://us.shop.gymshark.com/products/gymshark-training-woven-joggers-evening-blue-ss23,Women,,Joggers
Vital Seamless 2.0 Leggings,Brick Red Marl,54.0,,https://us.shop.gymshark.com/products/gymshark-vital-seamless-2-0-leggings-brick-red-marl-ss23,Women,,Leggings
Vital Seamless 2.0 Leggings,Evening Blue Marl,54.0,,https://us.shop.gymshark.com/products/gymshark-vital-seamless-2-0-leggings-evening-blue-marl-ss23,Women,,Leggings
Vital Seamless 2.0 Crop Top,Evening Blue Marl,38.0,,https://us.shop.gymshark.com/products/gymshark-vital-seamless-2-0-crop-top-evening-blue-marl-ss23,Women,,Top
Vital Seamless 2.0 Shorts,Brick Red Marl,40.0,,https://us.shop.gymshark.com/products/gymshark-vital-seamless-2-0-shorts-brick-red-marl-ss23,Women,,Shorts
Training Oversized T-Shirt,Navy,30.0,,https://us.shop.gymshark.com/products/gymshark-training-oversized-t-shirt-navy-ss23,Women,,T-shirt
Training Zip Up Jacket,Desert Sage Green,46.0,,https://us.shop.gymshark.com/products/gymshark-training-zip-up-jacket-desert-sage-green-ss23,Women,,Jacket
Training Crop Tank,Comet Blue,20.0,,https://us.shop.gymshark.com/products/gymshark-training-crop-tank-comet-blue-ss23,Women,,Tank
Bandeau Sports Bra,Misty Pink,30.0,,https://us.shop.gymshark.com/products/gymshark-bandeau-sports-bra-misty-pink-ss23,Women,,Bra
Bandeau Sports Bra,Comet Blue,30.0,,https://us.shop.gymshark.com/products/gymshark-bandeau-sports-bra-comet-blue-ss23,Women,,Bra
Ruched Sports Bra,Pomegranate Red,30.0,,https://us.shop.gymshark.com/products/gymshark-ruched-sports-bra-pomegranate-red-ss23,Women,,Bra
Training Leggings,Persimmon Red,38.0,,https://us.shop.gymshark.com/products/gymshark-training-leggings-persimmon-red-ss23,Women,,Leggings
Training Sweat Shorts,Truffle Brown,28.0,,https://us.shop.gymshark.com/products/gymshark-training-sweat-shorts-truffle-brown-ss23,Women,,Shorts
Training Tight Shorts,Tropic Green,28.0,,https://us.shop.gymshark.com/products/gymshark-training-tight-shorts-tropic-green-ss23,Women,,Shorts
Minimal Sports Bra,Tropic Green,30.0,,https://us.shop.gymshark.com/products/gymshark-minimal-sports-bra-tropic-green-ss23,Women,,Bra
Vital Seamless 2.0 V Neck Sports Bra,Brick Red Marl,38.0,,https://us.shop.gymshark.com/products/gymshark-vital-seamless-2-0-v-neck-sports-bra-brick-red-marl-ss23,Women,,Bra
Vital Seamless 2.0 V Neck Sports Bra,Evening Blue Marl,38.0,,https://us.shop.gymshark.com/products/gymshark-vital-seamless-2-0-v-neck-sports-bra-evening-blue-marl-ss23,Women,,Bra
Training Cropped Hoodie,Desert Sage Green,40.0,,https://us.shop.gymshark.com/products/gymshark-training-cropped-hoodie-desert-sage-green-ss23,Women,,Hoodie
Training Cropped Hoodie,Aerospace Orange,40.0,,https://us.shop.gymshark.com/products/gymshark-training-cropped-hoodie-aerospace-orange-ss23,Women,,Hoodie
Training Cropped Sweater,Tropic Green,40.0,,https://us.shop.gymshark.com/products/gymshark-training-cropped-sweater-tropic-green-ss23,Accessory,,Other
Training Cropped Sweater,Dusty Maroon,40.0,,https://us.shop.gymshark.com/products/gymshark-training-cropped-sweater-dusty-maroon-ss23,Accessory,,Other
Vital Seamless 2.0 High Neck Midi Top,Brick Red,46.0,,https://us.shop.gymshark.com/products/gymshark-vital-seamless-2-0-high-neck-midi-top-brick-red-ss23,Women,,Top
Vital Seamless 2.0 Midi Tank,Black Marl,34.0,,https://us.shop.gymshark.com/products/gymshark-vital-seamless-2-0-midi-tank-black-marl-ss23,Women,,Tank
Vital Seamless 2.0 Midi Tank,Brick Red Marl,34.0,,https://us.shop.gymshark.com/products/gymshark-vital-seamless-2-0-midi-tank-brick-red-marl-ss23,Women,,Tank
Vital Seamless 2.0 Midi Tank,Evening Blue Marl,34.0,,https://us.shop.gymshark.com/products/gymshark-vital-seamless-2-0-midi-tank-evening-blue-marl-ss23,Women,,Tank
Whitney Everyday Pocket Leggings,Canyon Red,56.0,,https://us.shop.gymshark.com/products/gymshark-whitney-everyday-pocket-leggings-canyon-red-ss23,Women,,Leggings
Whitney Dress,Leaf Green,66.0,,https://us.shop.gymshark.com/products/gymshark-whitney-dress-leaf-green-ss23,Women,,Dress
Whitney Eyelash Knit Bandeau,Black,40.0,,https://us.shop.gymshark.com/products/gymshark-whitney-eyelash-knit-bandeau-black-ss23,Accessory,,Other
Whitney Eyelash Knit Bandeau,Leaf Green,40.0,,https://us.shop.gymshark.com/products/gymshark-whitney-eyelash-knit-bandeau-leaf-green-ss23,Accessory,,Other
Whitney Eyelash Knit Bandeau,Cement Brown,40.0,,https://us.shop.gymshark.com/products/gymshark-whitney-eyelash-knit-bandeau-cement-brown-ss23,Accessory,,Other
Whitney Eyelash Knit Bandeau,Canyon Red,40.0,,https://us.shop.gymshark.com/products/gymshark-whitney-eyelash-knit-bandeau-canyon-red-ss23,Accessory,,Other
Whitney Eyelash Knit Bandeau,Skylight White,40.0,,https://us.shop.gymshark.com/products/gymshark-whitney-eyelash-knit-bandeau-skylight-white-ss23,Accessory,,Other
Whitney Eyelash Knit Midi Halter Top,Leaf Green,46.0,,https://us.shop.gymshark.com/products/gymshark-whitney-eyelash-knit-midi-halter-top-leaf-green-ss23,Women,,Top
Whitney Eyelash Knit Midi Halter Top,Canyon Red,46.0,,https://us.shop.gymshark.com/products/gymshark-whitney-eyelash-knit-midi-halter-top-canyon-red-ss23,Women,,Top
Whitney Eyelash Knit Midi Halter Top,Cement Brown,46.0,,https://us.shop.gymshark.com/products/gymshark-whitney-eyelash-knit-midi-halter-top-cement-brown-ss23,Women,,Top
Whitney Eyelash Knit Midi Halter Top,Skylight White,46.0,,https://us.shop.gymshark.com/products/gymshark-whitney-eyelash-knit-midi-halter-top-skylight-white-ss23,Women,,Top
WTFlex Seamless Leggings,Black/Neptune Purple/Reactive Green,60.0,,https://us.shop.gymshark.com/products/gymshark-wtflex-seamless-leggings-black-neptune-purple-reactive-green-ss23,Women,,Leggings
WTFlex Seamless Leggings,Currant Pink/Fluo Fuchsia/Magenta Pink,60.0,,https://us.shop.gymshark.com/products/gymshark-wtflex-seamless-leggings-currant-pink-fluo-fuchsia-magenta-pink-ss23,Women,,Leggings
Scoop Neck Sports Bra,Neptune Purple,34.0,,https://us.shop.gymshark.com/products/gymshark-scoop-neck-sports-bra-neptune-purple-aw22,Women,,Bra
Warp Knit Crop Top,Black,64.0,,https://us.shop.gymshark.com/products/gymshark-warp-knit-crop-top-black-aw22,Women,,Top
Warp Knit Crop Top,Woodland Green,64.0,,https://us.shop.gymshark.com/products/gymshark-infinite-warp-knit-woodland-green-aw22,Women,,Top
Sport Crop Tank,Neptune Purple,30.0,,https://us.shop.gymshark.com/products/gymshark-sport-crop-tank-neptune-purple-aw22,Women,,Tank
Sport Crop Tank,Black Print,30.0,,https://us.shop.gymshark.com/products/gymshark-sport-crop-tank-black-print-aw22,Women,,Tank
Sport Windbreaker,Currant Pink,70.0,,https://us.shop.gymshark.com/products/gymshark-sport-windbreaker-currant-pink-aw22,Women,,Windbreaker
Sport Windbreaker,Neptune Purple,70.0,,https://us.shop.gymshark.com/products/gymshark-sport-windbreaker-neptune-purple-aw22,Women,,Windbreaker
Sport Printed Long Sleeve T-Shirt,Black Print,36.0,,https://us.shop.gymshark.com/products/gymshark-sport-printed-long-sleeve-t-shirt-black-print-aw22,Women,,T-shirt
Sport Printed Long Sleeve T-Shirt,Neptune Purple,36.0,,https://us.shop.gymshark.com/products/gymshark-sport-printed-long-sleeve-t-shirt-neptune-purple-aw22,Women,,T-shirt
Sport Windbreaker,Black,70.0,,https://us.shop.gymshark.com/products/gymshark-sport-windbreaker-black-logo-aw22,Women,,Windbreaker
Sweat Seamless Leggings,Black,60.0,,https://us.shop.gymshark.com/products/gymshark-sweat-seamless-leggings-black-aw22,Women,,Leggings
Rest Day Sweats Cropped Pullover,Light Grey Core Marl,56.0,,https://us.shop.gymshark.com/products/gymshark-rest-day-sweats-cropped-pullover-light-grey-core-marl-aw22,Women,,Pullover
Training Cropped Sweater,White,40.0,,https://us.shop.gymshark.com/products/gymshark-training-cropped-sweater-white-aw22,Accessory,,Other
Ruched Sports Bra,Black,30.0,,https://us.shop.gymshark.com/products/gymshark-ruched-sports-bra-black-ss22,Women,,Bra
Minimal Sports Bra,Black,30.0,,https://us.shop.gymshark.com/products/gymshark-minimal-sports-bra-black-ss22,Women,,Bra
Rest Day Sweats Hoodie,Black Marl,60.0,,https://us.shop.gymshark.com/products/gymshark-rest-day-sweats-hoodie-black-marl-aw21,Women,,Hoodie
Rest Day Sweats Hoodie,Beige Marl,60.0,,https://us.shop.gymshark.com/products/gymshark-rest-day-sweats-hoodie-beige-marl-aw21,Women,,Hoodie
"Racerback High Support Sports Bra, B/C-E/F",Hoya Green,54.0,,https://us.shop.gymshark.com/products/gymshark-racerback-high-support-sports-bra-hoya-green-aw22,Women,,B/c-e/f
"High Neck High Support Sports Bra, B/C-E/F",Bloom Pink,54.0,,https://us.shop.gymshark.com/products/gymshark-high-neck-high-support-sports-bra-bloom-pink-aw22,Women,,B/c-e/f
Adapt Camo Seamless Leggings,Storm Red/Cherry Brown,44.8,64.0,https://us.shop.gymshark.com/products/gymshark-adapt-camo-seamless-leggings-storm-red-cherry-brown-aw22,Women,30.000000000000004,Leggings
Adapt Camo Seamless Sports Bra,Storm Red/Cherry Brown,32.2,46.0,https://us.shop.gymshark.com/products/gymshark-adapt-camo-seamless-sports-bra-storm-red-cherry-brown-aw22,Women,29.999999999999993,Bra
Adapt Animal Seamless Cycling Shorts,Reef | Cherry Brown,33.6,48.0,https://us.shop.gymshark.com/products/gymshark-adapt-animal-seamless-cycling-shorts-reef-cherry-brown-aw22,Women,30.0,Shorts
Adapt Marl Seamless Leggings,Pepper Red/Zesty Orange,36.0,60.0,https://us.shop.gymshark.com/products/gymshark-adapt-marl-seamless-leggings-pepper-red-zesty-orange-aw22,Women,40.0,Leggings
Vital Seamless 2.0 2-in-1 Shorts,Bright Purple Marl,26.4,44.0,https://us.shop.gymshark.com/products/gymshark-vital-seamless-2-0-2-in-1-shorts-bright-purple-marl-ss22,Women,40.0,Shorts
Training Oversized T-Shirt,Light Grey Marl,30.0,,https://us.shop.gymshark.com/products/gymshark-training-oversized-t-shirt-light-grey-marl-1,Women,,T-shirt
Vital Seamless 2.0 High Neck Midi Top,Baked Maroon Marl,32.2,46.0,https://us.shop.gymshark.com/products/gymshark-vital-seamless-2-0-high-neck-midi-top-baked-maroon-marl-aw22,Women,29.999999999999993,Top
Legacy Shorts,Turbo Blue,24.5,35.0,https://us.shop.gymshark.com/products/gymshark-legacy-shorts-turbo-blue-ss22,Women,30.0,Shorts
Social Club Bandeau,Moss Olive,38.0,,https://us.shop.gymshark.com/products/gymshark-social-club-bandeau-moss-olive-aw22,Accessory,,Other
Training Oversized T-shirt,Hoya Green,30.0,,https://us.shop.gymshark.com/products/gymshark-training-oversized-t-shirt-hoya-green-aw22,Women,,T-shirt
Adapt Camo Seamless Sports Bra,Savanna | Griffin Green,31.5,45.0,https://us.shop.gymshark.com/products/gymshark-adapt-camo-seamless-sports-bra-savanna-griffin-green-ss22,Women,30.0,Bra
Training Loose Fit Shorts,Pepper Red,22.4,28.0,https://us.shop.gymshark.com/products/gymshark-training-loose-fit-shorts-pepper-red-aw22,Women,20.000000000000004,Shorts
Legacy Washed Loose Shorts,Lakeside Blue,36.0,,https://us.shop.gymshark.com/products/gymshark-legacy-washed-loose-shorts-lakeside-blue-aw22,Women,,Shorts
GS Power Sports Bra,Bright Turquoise Print,31.5,45.0,https://us.shop.gymshark.com/products/gs-power-sports-bra-bright-turquoise-print-ss22,Women,30.0,Bra
Seamless Boxers,Espresso Brown,18.0,,https://us.shop.gymshark.com/products/gymshark-seamless-boxers-espresso-brown-ss22,Accessory,,Other
Seamless Boxers,Golden Light Brown,18.0,,https://us.shop.gymshark.com/products/gymshark-seamless-boxers-golden-light-brown-ss22,Accessory,,Other
Adapt Camo Seamless Lace Up Back Top,Storm Red/Cherry Brown,35.0,50.0,https://us.shop.gymshark.com/products/gymshark-adapt-camo-seamless-lace-back-top-storm-red-cherry-brown-aw22,Women,30.0,Top
Social Club Bandeau,Cement Brown,38.0,,https://us.shop.gymshark.com/products/gymshark-social-club-bandeau-cement-brown-aw22,Accessory,,Other
GS Power Midi Top,Magenta Pink,36.0,,https://us.shop.gymshark.com/products/gs-power-midi-top-magenta-pink-aw22,Women,,Top
Seamless Boxers,Walnut Brown,18.0,,https://us.shop.gymshark.com/products/gymshark-seamless-boxers-walnut-brown-ss22,Accessory,,Other
Fraction Crop Top,Black,26.0,,https://us.shop.gymshark.com/products/gymshark-fraction-crop-top-black-ss22,Women,,Top
Adapt Ombre Seamless Leggings,Triangle |  Taupe Grey Print,30.0,60.0,https://us.shop.gymshark.com/products/gymshark-adapt-ombre-seamless-leggings-triangle-taupe-grey-print-ss22,Women,50.0,Leggings
Seamless Scoop Neck Bralette,Espresso Brown,20.0,,https://us.shop.gymshark.com/products/gymshark-seamless-high-neck-bralette-espresso-brown-ss22,Women,,Bralette
Seamless Scoop Neck Bralette,Walnut Brown,20.0,,https://us.shop.gymshark.com/products/gymshark-seamless-high-neck-bralette-walnut-brown-ss22,Women,,Bralette
Wtflex Linear Seamless Leggings,Pebble Grey/Orange/Coconut White,36.0,60.0,https://us.shop.gymshark.com/products/gymshark-wtflex-linear-seamless-leggings-pebble-grey-orange-coconut-white-ss22,Women,40.0,Leggings
Adapt Ombre Seamless Sports Bra,Triangle | Penny Brown Print,31.5,45.0,https://us.shop.gymshark.com/products/gymshark-adapt-ombre-seamless-sports-bra-triangle-penny-brown-print-ss22,Women,30.0,Bra
Social Club Oversized T-Shirt,Pebble Grey,36.0,,https://us.shop.gymshark.com/products/gymshark-social-club-oversized-t-shirt-pebble-grey-aw22,Women,,T-shirt
Vital Seamless 2.0 Joggers,Black Marl,40.6,58.0,https://us.shop.gymshark.com/products/gymshark-vital-seamless-2-0-joggers-black-marl-aw22,Women,30.0,Joggers
GS Power Cropped Zip Hoodie,Moss Olive,56.0,,https://us.shop.gymshark.com/products/gs-power-cropped-zip-hoodie-moss-olive-aw22,Women,,Hoodie
Adapt Animal Seamless T-Shirt,Reef | Winter Teal,40.0,,https://us.shop.gymshark.com/products/gymshark-adapt-animal-seamless-t-shirt-reef-winter-teal-aw22,Women,,T-shirt
Scoop Neck Sports Bra,Winter Teal,34.0,,https://us.shop.gymshark.com/products/gymshark-scoop-neck-sports-bra-winter-teal-aw22,Women,,Bra
Training Brandmark Tank,Winter Teal,36.0,,https://us.shop.gymshark.com/products/gymshark-training-brandmark-tank-winter-teal-aw22,Women,,Tank
Sweat Seamless Long Sleeve Top,Baked Maroon,46.0,,https://us.shop.gymshark.com/products/gymshark-sweat-seamless-long-sleeve-top-baked-maroon-aw22,Women,,Top
Adapt Camo Seamless Leggings,Pebble Grey/Soul Brown,64.0,,https://us.shop.gymshark.com/products/gymshark-adapt-camo-seamless-leggings-pebble-grey-soul-brown-aw22,Women,,Leggings
Training Oversized Top,Apricot Orange,24.0,30.0,https://us.shop.gymshark.com/products/gymshark-training-oversized-top-apricot-orange-ss22,Women,20.0,Top
Adapt Animal Seamless Crop Tank,Reef | Black,48.0,,https://us.shop.gymshark.com/products/gymshark-adapt-animal-seamless-crop-tank-reef-black-aw22,Women,,Tank
Rest Day Sweats Joggers,Aura Lilac Marl,56.0,,https://us.shop.gymshark.com/products/gymshark-rest-day-sweats-joggers-aura-lilac-marl-aw22,Women,,Joggers
Training Oversized T-shirt,Kiwi Green,30.0,,https://us.shop.gymshark.com/products/gymshark-training-oversized-t-shirt-kiwi-green-aw22,Women,,T-shirt
Legacy Sports Bra,Lakeside Blue,38.0,,https://us.shop.gymshark.com/products/gymshark-legacy-sports-bra-lakeside-blue-aw22,Women,,Bra
Legacy Sports Bra,Hoya Green,38.0,,https://us.shop.gymshark.com/products/gymshark-legacy-sports-bra-hoya-green-aw22,Women,,Bra
Training Brandmark Tank,White,36.0,,https://us.shop.gymshark.com/products/gymshark-training-brandmark-tank-white-aw22,Women,,Tank
Apex Seamless Crop Top,Cherry Brown/Truffle Brown,50.0,,https://us.shop.gymshark.com/products/gymshark-apex-seamless-crop-top-cherry-brown-truffle-brown-aw22,Women,,Top
Sweat Seamless Sports Bra,Salsa Red,36.8,46.0,https://us.shop.gymshark.com/products/gymshark-sweat-seamless-sports-bra-salsa-red-aw22,Women,20.000000000000007,Bra
Adapt Animal Seamless Long Sleeve Top,Wild | Iguana Green,46.0,,https://us.shop.gymshark.com/products/gymshark-adapt-animal-seamless-long-sleeve-top-wild-iguana-green-aw22,Women,,Top
Training Leggings,Navy,38.0,,https://us.shop.gymshark.com/products/gymshark-training-leggings-navy-ss22,Women,,Leggings
Training Zip Hoodie,Lakeside Blue,46.0,,https://us.shop.gymshark.com/products/gymshark-training-zip-hoodie-lakeside-blue-aw22,Women,,Hoodie
Apex Seamless Crop Top,Atlantic Blue/Shark Blue,50.0,,https://us.shop.gymshark.com/products/gymshark-apex-seamless-crop-top-atlantic-blue-shark-blue-aw22,Women,,Top
Apex Seamless Shrug,Atlantic Blue/Shark Blue,40.0,,https://us.shop.gymshark.com/products/gymshark-apex-seamless-shrug-atlantic-blue-shark-blue-aw22,Accessory,,Other
Training Long Sleeve Top,Neptune Purple,30.0,,https://us.shop.gymshark.com/products/gymshark-training-long-sleeve-top-neptune-purple-aw22,Women,,Top
Rest Day Sweats Joggers,Light Grey Core Marl,56.0,,https://us.shop.gymshark.com/products/gymshark-rest-day-sweats-joggers-light-grey-core-marl-aw22,Women,,Joggers
Fraction Crop Top,Navy,26.0,,https://us.shop.gymshark.com/products/gymshark-fraction-crop-top-navy-aw22,Women,,Top
Pause Seamless Leggings,Maya Blue,30.0,50.0,https://us.shop.gymshark.com/products/gymshark-pause-seamless-leggings-maya-blue-ss22,Women,40.0,Leggings
Sweat Seamless Sports Bra,Aerospace Orange,46.0,,https://us.shop.gymshark.com/products/gymshark-sweat-seamless-sports-bra-aerospace-orange-ss23,Women,,Bra
Cotton Oversized Long Sleeve Top,Earthy Brown,40.0,,https://us.shop.gymshark.com/products/gymshark-cotton-oversized-long-sleeve-top-earthy-brown-ss23,Women,,Top
Activated Graphic Sweatshirt,White,46.0,,https://us.shop.gymshark.com/products/gymshark-activated-graphic-sweatshirt-white-ss23,Women,,Sweatshirt
Vital Seamless 2.0 Crop Top,Brick Red Marl,38.0,,https://us.shop.gymshark.com/products/gymshark-vital-seamless-2-0-crop-top-brick-red-marl-ss23,Women,,Top
Training Oversized Sweatshirt,Vanilla White,46.0,,https://us.shop.gymshark.com/products/gymshark-training-oversized-sweatshirt-vanilla-white-ss23,Women,,Sweatshirt
Whitney Eyelash Knit Shorts,Leaf Green,46.0,,https://us.shop.gymshark.com/products/gymshark-whitney-eyelash-knit-shorts-leaf-green-ss23,Women,,Shorts
Whitney Eyelash Knit Midi Halter Top,Pressed Petal Pink,46.0,,https://us.shop.gymshark.com/products/gymshark-whitney-eyelash-knit-midi-halter-top-pressed-petal-pink-ss23,Women,,Top
WTFlex Seamless One Shoulder Sports Bra,Black/Neptune Purple/Reactive Green,46.0,,https://us.shop.gymshark.com/products/gymshark-wtflex-seamless-one-shoulder-sports-bra-black-neptune-purple-reactive-green-ss23,Women,,Bra
WTFlex Seamless One Shoulder Sports Bra,Currant Pink/Fluo Fuchsia/Magenta Pink,46.0,,https://us.shop.gymshark.com/products/gymshark-wtflex-seamless-one-shoulder-sports-bra-currant-pink-fluo-fuchsia-magenta-pink-ss23,Women,,Bra
Sport 1/4 Zip,Black/Neptune Purple/Currant Pink,50.0,,https://us.shop.gymshark.com/products/gymshark-sport-1-4-zip-black-neptune-purple-currant-pink-aw22,Women,,Zip
Rest Day Sweats Joggers,Black Marl,56.0,,https://us.shop.gymshark.com/products/gymshark-rest-day-sweats-joggers-black-marl-aw21,Women,,Joggers
"Racerback High Support Sports Bra, B/C-E/F",Black,54.0,,https://us.shop.gymshark.com/products/gymshark-racerback-high-support-sports-bra-black-aw22,Women,,B/c-e/f
"Racerback High Support Sports Bra, B/C-E/F",Cherry Brown,54.0,,https://us.shop.gymshark.com/products/gymshark-racerback-high-support-sports-bra-cherry-brown-aw22,Women,,B/c-e/f
"Cut Out Back High Support Sports Bra, B/C-E/F",Soft Lilac,54.0,,https://us.shop.gymshark.com/products/gymshark-cut-out-back-high-support-sports-bra-soft-lilac-aw22,Women,,B/c-e/f
"Cut Out Back High Support Sports Bra, B/C-E/F",White,54.0,,https://us.shop.gymshark.com/products/gymshark-cut-out-back-high-support-sports-bra-white-aw22,Women,,B/c-e/f
"Cut Out Back High Support Sports Bra, B/C-E/F",Black,54.0,,https://us.shop.gymshark.com/products/gymshark-cut-out-back-high-support-sports-bra-black-aw22,Women,,B/c-e/f
"High Neck High Support Sports Bra, B/C-E/F",Black,54.0,,https://us.shop.gymshark.com/products/gymshark-high-neck-high-support-sports-bra-black-aw22,Women,,B/c-e/f
Adapt Marl Seamless Leggings,Black/Smokey Grey,36.0,60.0,https://us.shop.gymshark.com/products/gymshark-adapt-marl-seamless-leggings-black-smokey-grey-aw22,Women,40.0,Leggings
Training Shorts,Black,28.0,,https://us.shop.gymshark.com/products/gymshark-training-shorts-black-ss22,Women,,Shorts
Legacy Washed Loose Shorts,Pebble Grey,36.0,,https://us.shop.gymshark.com/products/gymshark-legacy-washed-loose-shorts-pebble-grey-aw22,Women,,Shorts
Adapt Camo Seamless Sports Bra,Black/Onyx Grey,46.0,,https://us.shop.gymshark.com/products/gymshark-adapt-camo-seamless-sports-bra-black-onyx-grey-aw22,Women,,Bra
Adapt Camo Seamless Leggings,Savanna | Cherry Brown,36.0,60.0,https://us.shop.gymshark.com/products/gymshark-adapt-camo-seamless-leggings-savanna-cherry-brown-ss22,Women,40.0,Leggings
GS Power Sports Bra,Black Print,31.5,45.0,https://us.shop.gymshark.com/products/gs-power-sports-bra-black-print-ss22,Women,30.0,Bra
Training Cycling Shorts,Magenta Pink,22.4,28.0,https://us.shop.gymshark.com/products/gymshark-training-cycling-shorts-magenta-pink-aw22,Women,20.000000000000004,Shorts
Training Loose Fit Shorts,Mercury Purple,28.0,,https://us.shop.gymshark.com/products/gymshark-training-loose-fit-shorts-mercury-purple-aw22,Women,,Shorts
Wtflex Linear Seamless Leggings, Charcoal Grey/Fluo Green/ Light Grey,36.0,60.0,https://us.shop.gymshark.com/products/gymshark-wtflex-linear-seamless-leggings-charcoal-grey-fluo-green-light-grey-ss22,Women,40.0,Leggings
Apex Seamless Shorts,Digital Violet/Dusted Violet,33.6,48.0,https://us.shop.gymshark.com/products/gymshark-apex-seamless-shorts-digital-violet-dusted-violet-aw22,Women,30.0,Shorts
Seamless Scoop Neck Bralette ,White,20.0,,https://us.shop.gymshark.com/products/gymshark-seamless-high-neck-bralette-white-aw21,Women,,Bralette
Sweat Seamless Sports Bra,Winter Teal,36.8,46.0,https://us.shop.gymshark.com/products/gymshark-sweat-seamless-sports-bra-winter-teal-aw22,Women,20.000000000000007,Bra
Social Club Oversized Hoodie,Moss Olive,35.0,50.0,https://us.shop.gymshark.com/products/gymshark-social-club-oversized-hoodie-moss-olive-aw22,Women,30.0,Hoodie
Ruched Training Sports Bra,Firefly Green,24.0,30.0,https://us.shop.gymshark.com/products/gymshark-ruched-training-sports-bra-firefly-green-ss22,Women,20.0,Bra
Fraction Hoodie,Black/White,46.0,,https://us.shop.gymshark.com/products/gymshark-fraction-hoodie-black-white-aw22,Women,,Hoodie
Adapt Ombre Seamless Shorts,Triangle | Penny Brown Print,27.0,45.0,https://us.shop.gymshark.com/products/gymshark-adapt-ombre-seamless-shorts-triangle-penny-brown-print-ss22,Women,40.0,Shorts
Training Sweat Shorts,Soft Lilac,22.4,28.0,https://us.shop.gymshark.com/products/gymshark-training-sweat-shorts-soft-lilac-aw22,Women,20.000000000000004,Shorts
315 Performance High Neck Sports Bra,Winter Teal/Pearl Blue,37.8,54.0,https://us.shop.gymshark.com/products/gymshark-315-performance-high-neck-sports-bra-winter-teal-pearl-blue-aw22,Women,30.000000000000004,Bra
Bandeau Sports Bra,Mercury Purple,30.0,,https://us.shop.gymshark.com/products/gymshark-bandeau-sports-bra-mercury-purple-aw22,Women,,Bra
Graphics Fraction Leggings,Currant Pink,30.4,38.0,https://us.shop.gymshark.com/products/gymshark-graphics-fraction-leggings-currant-pink-aw22,Women,20.000000000000004,Leggings
Adapt Animal Seamless Sports Bra,Firefly Yellow,31.5,45.0,https://us.shop.gymshark.com/products/gymshark-adapt-animal-seamless-sports-bra-firefly-yellow-ss22,Women,30.0,Bra
Vital Seamless 2.0 Leggings,Chilli Red Marl,37.8,54.0,https://us.shop.gymshark.com/products/gymshark-vital-seamless-2-0-leggings-chilli-red-marl-aw22,Women,30.000000000000004,Leggings
Graphics Fraction Hoodie,Currant Pink,46.0,,https://us.shop.gymshark.com/products/gymshark-graphics-fraction-hoodie-currant-pink-aw22,Women,,Hoodie
Rest Day Sweats Hoodie,Aura Lilac Marl,60.0,,https://us.shop.gymshark.com/products/gymshark-rest-day-sweats-hoodie-aura-lilac-marl-aw22,Women,,Hoodie
Vital Seamless 2.0 Leggings,Digital Violet Marl,54.0,,https://us.shop.gymshark.com/products/gymshark-vital-seamless-2-0-leggings-digital-violet-marl-aw22,Women,,Leggings
Training Oversized Sweatshirt,Hoya Green,46.0,,https://us.shop.gymshark.com/products/gymshark-training-oversized-sweatshirt-hoya-green-aw22,Women,,Sweatshirt
Training Brandmark Tank,Black,36.0,,https://us.shop.gymshark.com/products/gymshark-training-brandmark-tank-black-aw22,Women,,Tank
Ruched Sports Bra,Rosewood Red,30.0,,https://us.shop.gymshark.com/products/gymshark-ruched-sports-bra-rosewood-red-aw22,Women,,Bra
Legacy Sports Bra,Deep Pink,38.0,,https://us.shop.gymshark.com/products/gymshark-legacy-sports-bra-deep-pink-aw22,Women,,Bra
Adapt Animal Seamless Leggings,Reef | Soft Lilac,64.0,,https://us.shop.gymshark.com/products/gymshark-adapt-animal-seamless-leggings-reef-soft-lilac-aw22,Women,,Leggings
Social Club Shorts,Cement Brown,36.0,,https://us.shop.gymshark.com/products/gymshark-social-club-shorts-cement-brown-aw22,Women,,Shorts
Apex Seamless Shorts,Truffle Brown/Cherry Brown,48.0,,https://us.shop.gymshark.com/products/gymshark-apex-seamless-shorts-truffle-brown-cherry-brown-aw22,Women,,Shorts
Elevate Asymmetric Tank,Cement Brown,38.0,,https://us.shop.gymshark.com/products/gymshark-elevate-asymmetric-tank-cement-brown-aw22,Women,,Tank
Vital Seamless 2.0 V Neck Sports Bra,Baked Maroon Marl,38.0,,https://us.shop.gymshark.com/products/gymshark-vital-seamless-2-0-v-neck-sports-bra-baked-maroon-marl-aw22,Women,,Bra
Adapt Animal Seamless Crop Tank ,Reef | Soft Lilac,48.0,,https://us.shop.gymshark.com/products/gymshark-adapt-animal-seamless-crop-tank-reef-soft-lilac-aw22,Women,,Tank
Vital Seamless 2.0 1/2 Zip Pullover,Pearl Blue Marl,35.0,50.0,https://us.shop.gymshark.com/products/gymshark-vital-seamless-2-0-1-2-zip-pullover-pearl-blue-marl-aw22,Women,30.0,Pullover
Sweat Seamless Long Sleeve Top,Winter Teal,46.0,,https://us.shop.gymshark.com/products/gymshark-sweat-seamless-long-sleeve-top-winter-teal-aw22,Women,,Top
Rest Day Sweats Hoodie,Cinnamon Brown Marl,60.0,,https://us.shop.gymshark.com/products/gymshark-rest-day-sweats-hoodie-cinnamon-brown-marl-aw22,Women,,Hoodie
Adapt Camo Seamless Sports Bra,Lava | Moss Olive/Core Olive,46.0,,https://us.shop.gymshark.com/products/gymshark-adapt-camo-seamless-sports-bra-moss-olive-core-olive-aw22,Women,,Bra
Training Cropped Hoodie,White,40.0,,https://us.shop.gymshark.com/products/gymshark-training-cropped-hoodie-white-aw22,Women,,Hoodie
GS Power Midi Top,Coastal Blue,36.0,,https://us.shop.gymshark.com/products/gs-power-midi-top-coastal-blue-aw22,Women,,Top
Training Cropped Hoodie,Turmeric Yellow,40.0,,https://us.shop.gymshark.com/products/gymshark-training-cropped-hoodie-turmeric-yellow-aw22,Women,,Hoodie
Training Long Sleeve Top,Currant Pink,30.0,,https://us.shop.gymshark.com/products/gymshark-training-long-sleeve-top-currant-pink-aw22,Women,,Top
Fraction Sports Bra,Clay Pink,34.0,,https://us.shop.gymshark.com/products/gymshark-fraction-sports-bra-clay-pink-aw22,Women,,Bra
Sweat Seamless Sports Bra,Paradise Blue,46.0,,https://us.shop.gymshark.com/products/gymshark-sweat-seamless-sports-bra-paradise-blue-ss23,Women,,Bra
Training Long Sleeve Top,White,30.0,,https://us.shop.gymshark.com/products/gymshark-training-long-sleeve-top-white-aw22,Women,,Top
"High Neck High Support Sports Bra, B/C-E/F",Iguana Green,54.0,,https://us.shop.gymshark.com/products/gymshark-high-neck-high-support-sports-bra-iguana-green-aw22,Women,,B/c-e/f
Training 7/8 Leggings,Black,26.6,38.0,https://us.shop.gymshark.com/products/gymshark-training-7-8-leggings-black-ss22,Women,30.0,Leggings
Studio Shorts,Dragon Pink,27.0,45.0,https://us.shop.gymshark.com/products/gymshark-studio-shorts-dragon-pink-ss22,Women,40.0,Shorts
Studio Sports Bra,Apple Green,22.5,45.0,https://us.shop.gymshark.com/products/gymshark-studio-sports-bra-apple-green-ss22,Women,50.0,Bra
Training Brandmark Cycling Shorts,Black,28.8,36.0,https://us.shop.gymshark.com/products/gymshark-training-brandmark-cycling-shorts-black-aw22,Women,20.0,Shorts
Adapt Marl Seamless Sports Bra,Atlantic Blue/Shark Blue,23.0,46.0,https://us.shop.gymshark.com/products/gymshark-adapt-marl-seamless-sports-bra-atlantic-blue-shark-blue-aw22,Women,50.0,Bra
Vital Seamless 2.0 Leggings,Tahoe Teal Marl,32.4,54.0,https://us.shop.gymshark.com/products/gymshark-vital-seamless-2-0-leggings-tahoe-teal-marl-ss22,Women,40.0,Leggings
Studio Sports Bra,Hibiscus Pink,22.5,45.0,https://us.shop.gymshark.com/products/gymshark-studio-sports-bra-hibiscus-pink-ss22,Women,50.0,Bra
Adapt Animal Seamless Cycling Shorts,Reef | Winter Teal,33.6,48.0,https://us.shop.gymshark.com/products/gymshark-adapt-animal-seamless-cycling-shorts-reef-winter-teal-bright-turquoise-aw22,Women,30.0,Shorts
V Neck Sports Bra,White,34.0,,https://us.shop.gymshark.com/products/gymshark-v-neck-sports-bra-white-ss22,Women,,Bra
Sport Loose Shorts,Apricot Orange,21.0,35.0,https://us.shop.gymshark.com/products/gymshark-sport-shorts-apricot-orange-ss22,Women,40.0,Shorts
Training Leggings,Cherry Brown,26.6,38.0,https://us.shop.gymshark.com/products/gymshark-training-leggings-cherry-brown-aw22,Women,30.0,Leggings
Flex Shorts,Black/Charcoal Grey,36.0,,https://us.shop.gymshark.com/products/gymshark-flex-shorts-black-charcoal-grey-aw22,Women,,Shorts
Training Cycling Shorts,Winter Teal,22.4,28.0,https://us.shop.gymshark.com/products/gymshark-training-cycling-shorts-winter-teal-aw22,Women,20.000000000000004,Shorts
Training Cycling Shorts,Soul Brown,22.4,28.0,https://us.shop.gymshark.com/products/gymshark-training-cycling-shorts-soul-brown-aw22,Women,20.000000000000004,Shorts
Vital Seamless 2.0 V Neck Sports Bra,Woodland Green Marl,38.0,,https://us.shop.gymshark.com/products/gymshark-vital-seamless-2-0-v-neck-sports-bra-woodland-green-marl-aw22,Women,,Bra
Training Loose Fit Shorts,Cherry Brown,22.4,28.0,https://us.shop.gymshark.com/products/gymshark-training-loose-fit-shorts-cherry-brown-aw22,Women,20.000000000000004,Shorts
Training Cycling Shorts,Currant Pink,22.4,28.0,https://us.shop.gymshark.com/products/gymshark-training-cycling-shorts-currant-pink-aw22,Women,20.000000000000004,Shorts
Apex Seamless Leggings,Truffle Brown/Cherry Brown,44.8,64.0,https://us.shop.gymshark.com/products/gymshark-apex-seamless-leggings-truffle-brown-cherry-brown-aw22,Women,30.000000000000004,Leggings
GS Power Sports Bra,Cherry Brown Print,31.5,45.0,https://us.shop.gymshark.com/products/gs-power-sports-bra-cherry-brown-print-ss22,Women,30.0,Bra
Rest Day Sweats 1/2 Zip Pullover,Aura Lilac Marl,56.0,,https://us.shop.gymshark.com/products/gymshark-rest-day-sweats-1-2-zip-pullover-aura-lilac-marl-aw22,Women,,Pullover
Training Oversized Sweatshirt,Turmeric Yellow,32.2,46.0,https://us.shop.gymshark.com/products/gymshark-training-oversized-sweatshirt-turmeric-yellow-aw22,Women,29.999999999999993,Sweatshirt
V Neck Sports Bra,Black,27.2,34.0,https://us.shop.gymshark.com/products/gymshark-v-neck-sports-bra-black-ss22,Women,20.0,Bra
GS Power Open Back Cropped Tank,Cherry Brown,24.5,35.0,https://us.shop.gymshark.com/products/gs-power-open-back-cropped-tank-cherry-brown-ss22,Women,30.0,Tank
Fraction Sports Bra,Navy,34.0,,https://us.shop.gymshark.com/products/gymshark-fraction-sports-bra-navy-aw22,Women,,Bra
Fraction Crop Top,Pepper Red,26.0,,https://us.shop.gymshark.com/products/gymshark-fraction-crop-top-pepper-red-aw22,Women,,Top
Flex High Waisted Leggings,Black,50.0,,https://us.shop.gymshark.com/products/gymshark-flex-high-waisted-leggings-black-aw21,Women,,Leggings
Vital Seamless 2.0 1/2 Zip Pullover,Baked Maroon Marl,35.0,50.0,https://us.shop.gymshark.com/products/gymshark-vital-seamless-2-0-1-2-zip-pullover-baked-maroon-marl-aw22,Women,30.0,Pullover
Fraction Crop Top,Coastal Blue,26.0,,https://us.shop.gymshark.com/products/gymshark-fraction-crop-top-coastal-blue-aw22,Women,,Top
Rest Day Sweats Hoodie,Steel Blue Marl,60.0,,https://us.shop.gymshark.com/products/gymshark-rest-day-sweats-hoodie-steel-blue-marl-aw22,Women,,Hoodie
315 Midi T-Shirt,Winter Teal/Pearl Blue,36.0,,https://us.shop.gymshark.com/products/gymshark-315-midi-t-shirt-winter-teal-pearl-blue-aw22,Women,,T-shirt
Training Loose Fit Shorts,Papaya Orange,19.6,28.0,https://us.shop.gymshark.com/products/gymshark-training-loose-fit-shorts-papaya-orange-ss22,Women,29.999999999999993,Shorts
V Neck Sports Bra,Currant Pink,34.0,,https://us.shop.gymshark.com/products/gymshark-v-neck-sports-bra-currant-pink-aw22,Women,,Bra
Sport Leggings,Orange Print,18.0,45.0,https://us.shop.gymshark.com/products/gymshark-sport-leggings-orange-print-ss22,Women,60.0,Leggings
Adapt Animal Seamless Cycling Shorts,Reef |  Black,33.6,48.0,https://us.shop.gymshark.com/products/gymshark-adapt-animal-seamless-cycling-shorts-reef-black-aw22,Women,30.0,Shorts
Apex Seamless Sports Bra,Digital Violet/Dusted Violet,50.0,,https://us.shop.gymshark.com/products/gymshark-apex-seamless-sports-bra-digital-violet-dusted-violet-aw22,Women,,Bra
Training Zip Hoodie,Black,46.0,,https://us.shop.gymshark.com/products/gymshark-training-zip-hoodie-black-aw22,Women,,Hoodie
Adapt Animal Seamless T-Shirt,Reef | Cherry Brown,40.0,,https://us.shop.gymshark.com/products/gymshark-adapt-animal-seamless-t-shirt-reef-cherry-brown-aw22,Women,,T-shirt
Training Drop Arm Tank,Cherry Brown,20.0,,https://us.shop.gymshark.com/products/gymshark-training-drop-arm-tank-cherry-brown-aw22,Women,,Tank
Social Club Joggers,Cement Brown,44.0,,https://us.shop.gymshark.com/products/gymshark-social-club-joggers-cement-brown-aw22,Women,,Joggers
Adapt Fleck Seamless Sports Bra,Mineral | Alpine Green,22.5,45.0,https://us.shop.gymshark.com/products/gymshark-adapt-fleck-seamless-sports-bra-mineral-alpine-green-ss22,Women,50.0,Bra
Vital Seamless 2.0 Joggers,Stellar Blue Marl,40.6,58.0,https://us.shop.gymshark.com/products/gymshark-vital-seamless-2-0-joggers-stellar-blue-marl-aw22,Women,30.0,Joggers
Vital Seamless 1/2 Zip,Stellar Blue Marl,50.0,,https://us.shop.gymshark.com/products/gymshark-vital-seamless-1-2-zip-stellar-blue-marl-aw22,Women,,Zip
GS Power Full Length All In One,Magenta Pink Print,49.0,70.0,https://us.shop.gymshark.com/products/gs-power-full-length-all-in-one-magenta-pink-print-aw22,Women,30.0,One
Vital Seamless 2.0 Crop Top,Woodland Green Marl,38.0,,https://us.shop.gymshark.com/products/gymshark-vital-seamless-2-0-crop-top-woodland-green-marl-aw22,Women,,Top
Training Brandmark Sports Bra,Salsa Red,40.0,,https://us.shop.gymshark.com/products/gymshark-training-brandmark-sports-bra-salsa-red-aw22,Women,,Bra
Flex Sports Long Sleeve Crop Top,Burgundy Marl,32.0,40.0,https://us.shop.gymshark.com/products/gymshark-flex-sports-long-sleeve-crop-top-burgundy-marl-aw21,Women,20.0,Top
Vital Seamless 2.0 Crop Top,Digital Violet Marl,38.0,,https://us.shop.gymshark.com/products/gymshark-vital-seamless-2-0-crop-top-digital-violet-marl-aw22,Women,,Top
Training Drop Arm Tank,Hoya Green,20.0,,https://us.shop.gymshark.com/products/gymshark-training-drop-arm-tank-hoya-green-aw22,Women,,Tank
Vital Seamless Long Line Top,Black Marl,46.0,,https://us.shop.gymshark.com/products/gymshark-vital-seamless-long-line-top-black-marl-aw22,Women,,Top
Adapt Camo Seamless Long Sleeve Top,Pebble Grey/Soul Brown,46.0,,https://us.shop.gymshark.com/products/gymshark-adapt-camo-seamless-long-sleeve-top-pebble-grey-soul-brown-aw22,Women,,Top
Ruched Sports Bra,Alpine Green,24.0,30.0,https://us.shop.gymshark.com/products/gymshark-ruched-sports-bra-alpine-green-ss22,Women,20.0,Bra
Fraction Sports Bra,Pebble Grey,34.0,,https://us.shop.gymshark.com/products/gymshark-fraction-sports-bra-pebble-grey-aw22,Women,,Bra
Vital Seamless 2.0 Leggings,Pearl Blue Marl,54.0,,https://us.shop.gymshark.com/products/gymshark-vital-seamless-2-0-leggings-pearl-blue-marl-aw22,Women,,Leggings
Apex Seamless Leggings,Black/Onyx Grey,64.0,,https://us.shop.gymshark.com/products/gymshark-apex-seamless-leggings-black-onyx-grey-aw22,Women,,Leggings
Training Oversized Sweatshirt,Rosewood Red,46.0,,https://us.shop.gymshark.com/products/gymshark-training-oversized-sweatshirt-rosewood-red-aw22,Women,,Sweatshirt
Vital Seamless 2.0 V Neck Sports Bra,Chilli Red Marl,38.0,,https://us.shop.gymshark.com/products/gymshark-vital-seamless-2-0-v-neck-sports-bra-chilli-red-marl-aw22,Women,,Bra
Training T-Shirt,Lakeside Blue,26.0,,https://us.shop.gymshark.com/products/gymshark-training-t-shirt-lakeside-blue-aw22,Women,,T-shirt
Vital Seamless 2.0 Shorts,Woodland Green Marl,40.0,,https://us.shop.gymshark.com/products/gymshark-vital-seamless-2-0-shorts-woodland-green-marl-aw22,Women,,Shorts
Flex High Waisted Leggings,Charcoal Marl,50.0,,https://us.shop.gymshark.com/products/gymshark-flex-high-waisted-leggings-charcoal-marl-aw21,Women,,Leggings
Training Cropped Hoodie,Cherry Brown,40.0,,https://us.shop.gymshark.com/products/gymshark-training-cropped-hoodie-cherry-brown-aw22,Women,,Hoodie
Pause Seamless Leggings,Griffin Green,30.0,50.0,https://us.shop.gymshark.com/products/gymshark-pause-seamless-leggings-griffin-green-ss22,Women,40.0,Leggings
Pause Seamless Cycling Shorts,Griffin Green,24.0,40.0,https://us.shop.gymshark.com/products/gymshark-pause-seamless-cycling-shorts-griffin-green-ss22,Women,40.0,Shorts
Vital Seamless 2.0 Crop Top,Stellar Blue Marl,38.0,,https://us.shop.gymshark.com/products/gymshark-vital-seamless-2-0-crop-top-stellar-blue-marl-aw22,Women,,Top
Adapt Animal Seamless Crop Top,Reef | Black,36.0,,https://us.shop.gymshark.com/products/gymshark-adapt-animal-seamless-crop-top-reef-black-aw22,Women,,Top
Ruched Sports Bra,Navy,30.0,,https://us.shop.gymshark.com/products/gymshark-ruched-sports-bra-navy-ss22,Women,,Bra
Activated Graphic Sweatshirt,Tropic Green,46.0,,https://us.shop.gymshark.com/products/gymshark-activated-graphic-sweatshirt-tropic-green-ss23,Women,,Sweatshirt
Cotton Oversized Long Sleeve Top,Evening Blue,40.0,,https://us.shop.gymshark.com/products/gymshark-cotton-oversized-long-sleeve-top-evening-blue-ss23,Women,,Top
Vital Seamless 2.0 Light Tank,Brick Red,30.0,,https://us.shop.gymshark.com/products/gymshark-vital-seamless-2-0-light-tank-brick-red-ss23,Women,,Tank
Vital Seamless 2.0 Light Tank,Evening Blue Marl,30.0,,https://us.shop.gymshark.com/products/gymshark-vital-seamless-2-0-light-tank-evening-blue-marl-ss23,Women,,Tank
Vital Seamless 2.0 Light Long Sleeve Top,Woodland Green Marl,40.0,,https://us.shop.gymshark.com/products/gymshark-vital-seamless-2-0-light-long-sleeve-top-woodland-green-marl-ss23,Women,,Top
Whitney Everyday Pocket Leggings,Leaf Green,56.0,,https://us.shop.gymshark.com/products/gymshark-whitney-everyday-pocket-leggings-leaf-green-ss23,Women,,Leggings
Whitney Everyday Pocket Leggings,Cement Brown,56.0,,https://us.shop.gymshark.com/products/gymshark-whitney-everyday-pocket-leggings-cement-brown-ss23,Women,,Leggings
Whitney Longline Bra,Leaf Green,46.0,,https://us.shop.gymshark.com/products/gymshark-whitney-longline-bra-leaf-green-ss23,Women,,Bra
Whitney Longline Bra,Skylight White,46.0,,https://us.shop.gymshark.com/products/gymshark-whitney-longline-bra-skylight-white-ss23,Women,,Bra
Whitney Eyelash Knit Shorts,Black,46.0,,https://us.shop.gymshark.com/products/gymshark-whitney-eyelash-knit-shorts-black-ss23,Women,,Shorts
Whitney Eyelash Knit Bandeau,Pressed Petal Pink,40.0,,https://us.shop.gymshark.com/products/gymshark-whitney-eyelash-knit-bandeau-pressed-petal-pink-ss23,Accessory,,Other
Warp Knit Leggings,Woodland Green,80.0,,https://us.shop.gymshark.com/products/gymshark-warp-knit-leggings-woodland-green-aw22,Women,,Leggings
Rest Day Sweats Joggers,Beige Marl,56.0,,https://us.shop.gymshark.com/products/gymshark-rest-day-sweats-joggers-beige-marl-aw21,Women,,Joggers
Flex Cycling Shorts,Black/Charcoal,16.0,40.0,https://us.shop.gymshark.com/products/gymshark-flex-cycling-shorts-black-charcoal,Women,60.0,Shorts
Fit Seamless Leggings,Charcoal,14.0,35.0,https://us.shop.gymshark.com/products/gymshark-fit-seamless-leggings-charcoal,Women,60.0,Leggings
Glow Seamless Shorts,Yellow,27.0,45.0,https://us.shop.gymshark.com/products/gymshark-glow-seamless-shorts-yellow-aw21,Women,40.0,Shorts
Legacy Shorts,Rich Purple,24.5,35.0,https://us.shop.gymshark.com/products/gymshark-legacy-shorts-rich-purple-ss22,Women,30.0,Shorts
Vital Seamless 2.0 Leggings,Black Marl,54.0,,https://us.shop.gymshark.com/products/gymshark-vital-seamless-leggings-black-marl-logo,Women,,Leggings
Studio Shorts,Black,27.0,45.0,https://us.shop.gymshark.com/products/gymshark-studio-shorts-black-ss22,Women,40.0,Shorts
Studio 7/8 Leggings,Black,36.0,60.0,https://us.shop.gymshark.com/products/gymshark-studio-leggings-black-ss22,Women,40.0,Leggings
Training Cropped Leggings,Black,10.0,25.0,https://us.shop.gymshark.com/products/gymshark-training-cropped-leggings-black-ss22,Women,60.0,Leggings
Adapt Ombre Seamless Shorts,Triangle | Black Print,27.0,45.0,https://us.shop.gymshark.com/products/gymshark-adapt-ombre-seamless-shorts-triangle-black-print-ss22,Women,40.0,Shorts
Training Fleece 1/4 Zip,Black,60.0,,https://us.shop.gymshark.com/products/gymshark-training-fleece-1-4-zip-black-aw22,Women,,Zip
Vital Seamless 2.0 Shorts,Smokey Grey Marl,24.0,40.0,https://us.shop.gymshark.com/products/gymshark-vital-seamless-shorts-smokey-grey-marl-logo,Women,40.0,Shorts
Adapt Ombre Seamless Sports Bra,Triangle | Black Print,31.5,45.0,https://us.shop.gymshark.com/products/gymshark-adapt-ombre-seamless-sports-bra-triangle-black-print-ss22,Women,30.0,Bra
Flex Cycling Shorts,Light Green Marl,12.0,40.0,https://us.shop.gymshark.com/products/gymshark-flex-cycling-shorts-light-green-marl,Women,70.0,Shorts
Fraction Crop Top,White,15.6,26.0,https://us.shop.gymshark.com/products/gymshark-fraction-crop-top-white-ss22,Women,40.0,Top
Adapt Marl Seamless Sports Bra,Archive Brown/Cherry Brown,32.2,46.0,https://us.shop.gymshark.com/products/gymshark-adapt-marl-seamless-sports-archive-brown-cherry-brown-aw22,Women,29.999999999999993,Bra
Apex Seamless Shorts,Black/Onyx Grey,33.6,48.0,https://us.shop.gymshark.com/products/gymshark-apex-seamless-shorts-black-onyx-grey-aw22,Women,30.0,Shorts
Minimal Sports Bra,Liberty Purple,30.0,,https://us.shop.gymshark.com/products/gymshark-minimal-sports-bra-liberty-purple-aw22,Women,,Bra
GS Power High Rise Leggings,Bright Turquoise Print,33.6,56.0,https://us.shop.gymshark.com/products/gs-power-high-rise-leggings-bright-turquoise-print-ss22,Women,40.0,Leggings
Flex Long Sleeve Crop Top,Charcoal Grey Marl,32.0,40.0,https://us.shop.gymshark.com/products/gymshark-flex-long-sleeve-crop-top-charcoal-grey-marl-aw22,Women,20.0,Top
Pippa Training Joggers,Black,24.0,30.0,https://us.shop.gymshark.com/products/gymshark-pippa-training-joggers-black-logo,Women,20.0,Joggers
Wtflex Cyborg Seamless Sports Bra,Maya Blue/Hibiscus Pink/Turbo Blue,22.5,45.0,https://us.shop.gymshark.com/products/gymshark-wtflex-cyborg-seamless-sports-bra-maya-blue-hibiscus-pink-turbo-blue-ss22,Women,50.0,Bra
Training Sweat Shorts,Kiwi Green,19.6,28.0,https://us.shop.gymshark.com/products/gymshark-training-sweat-shorts-kiwi-green-aw22,Women,29.999999999999993,Shorts
Vital Seamless 2.0 Shorts,Stellar Blue Marl,40.0,,https://us.shop.gymshark.com/products/gymshark-vital-seamless-2-0-shorts-stellar-blue-marl-aw22,Women,,Shorts
Sport Loose Shorts,Bright Purple,21.0,35.0,https://us.shop.gymshark.com/products/gymshark-sport-shorts-bright-purple-ss22,Women,40.0,Shorts
Recess Shorts,Light Green,14.0,35.0,https://us.shop.gymshark.com/products/gymshark-recess-shorts-light-green,Women,60.0,Shorts
Fraction Crop Top,Toffee Brown,26.0,,https://us.shop.gymshark.com/products/gymshark-fraction-crop-top-toffee-brown-aw22,Women,,Top
Adapt Animal Seamless Leggings,Court Blue,36.0,60.0,https://us.shop.gymshark.com/products/gymshark-adapt-animal-seamless-leggings-court-blue-ss22,Women,40.0,Leggings
Vital Seamless 2.0 2-in-1 Shorts,Smokey Grey Marl,26.4,44.0,https://us.shop.gymshark.com/products/gymshark-vital-seamless-2-0-2-in-1-shorts-smokey-grey-marl-ss22,Women,40.0,Shorts
Vital Seamless 2.0 Shorts,Baked Maroon Marl,40.0,,https://us.shop.gymshark.com/products/gymshark-vital-seamless-2-0-shorts-baked-maroon-marl-aw22,Women,,Shorts
Adapt Camo Seamless Sports Bra,Savanna | Black,22.5,45.0,https://us.shop.gymshark.com/products/gymshark-adapt-camo-seamless-sports-bra-savanna-black-aw21,Women,50.0,Bra
Fraction Leggings,Black/White,30.4,38.0,https://us.shop.gymshark.com/products/gymshark-fraction-leggings-black-white-aw22,Women,20.000000000000004,Leggings
Flex Sports Long Sleeve Crop Top,Light Grey Marl,28.0,40.0,https://us.shop.gymshark.com/products/gymshark-flex-sports-long-sleeve-crop-top-light-grey-marl-aw21,Women,30.0,Top
GS Power Minimal Sports Bra,Magenta Pink Print,36.0,,https://us.shop.gymshark.com/products/gs-power-minimal-sports-bra-magenta-pink-print-aw22,Women,,Bra
Training Drop Arm Tank,Black,20.0,,https://us.shop.gymshark.com/products/gymshark-training-drop-arm-tank-black-aw22,Women,,Tank
Training Loose Fit Shorts,Obsidian Green,28.0,,https://us.shop.gymshark.com/products/gymshark-training-loose-fit-shorts-obsidian-green-aw22,Women,,Shorts
Adapt Fleck Seamless Leggings,Mineral | Paige Pink,36.0,60.0,https://us.shop.gymshark.com/products/gymshark-adapt-fleck-seamless-leggings-mineral-paige-pink-ss22,Women,40.0,Leggings
Vital Seamless 2.0 Light T-Shirt,Black Marl,36.0,,https://us.shop.gymshark.com/products/gymshark-vital-seamless-2-0-light-t-shirt-black-marl-ss22,Women,,T-shirt
Training Joggers,Light Grey Marl,25.2,36.0,https://us.shop.gymshark.com/products/gymshark-womens-training-joggers-light-grey-marl,Women,30.000000000000004,Joggers
Adapt Fleck Seamless Leggings,Mineral | Alpine Green,36.0,60.0,https://us.shop.gymshark.com/products/gymshark-adapt-fleck-seamless-leggings-mineral-alpine-green-ss22,Women,40.0,Leggings
Adapt Camo Seamless Shorts,Savanna | Griffin Green,31.5,45.0,https://us.shop.gymshark.com/products/gymshark-adapt-camo-seamless-shorts-savanna-griffin-green-ss22,Women,30.0,Shorts
Energy Seamless Crop Top,Black,17.5,35.0,https://us.shop.gymshark.com/products/gymshark-energy-seamless-crop-top-black-aw21,Women,50.0,Top
Wtflex Cyborg Seamless Long Sleeve Crop Top,Maya Blue/Hibiscus Pink/Turbo Blue,35.0,50.0,https://us.shop.gymshark.com/products/gymshark-wtflex-cyborg-seamless-long-sleeve-crop-top-maya-blue-hibiscus-pink-turbo-blue-ss22,Women,30.0,Top
315 Performance High Neck Sports Bra,Mercury Purple/Shaded Lilac,37.8,54.0,https://us.shop.gymshark.com/products/gymshark-315-performance-high-neck-sports-bra-mercury-purple-shaded-lilac-aw22,Women,30.000000000000004,Bra
Adapt Fleck Seamless Sports Bra,Mineral | Coconut White,31.5,45.0,https://us.shop.gymshark.com/products/gymshark-adapt-fleck-seamless-sports-bra-mineral-coconut-white-ss22,Women,30.0,Bra
Vital Seamless Long Line Top,Baked Maroon Marl,32.2,46.0,https://us.shop.gymshark.com/products/gymshark-vital-seamless-long-line-top-baked-maroon-marl-aw22,Women,29.999999999999993,Top
Flex Sports Long Sleeve Crop Top,Black,40.0,,https://us.shop.gymshark.com/products/gymshark-flex-sports-long-sleeve-crop-top-black-aw21,Women,,Top
Training Long Sleeve Crop Top,Black,26.0,,https://us.shop.gymshark.com/products/gymshark-training-long-sleeve-crop-top-black-ss22,Women,,Top
Scoop Neck Sports Bra,White,20.4,34.0,https://us.shop.gymshark.com/products/gymshark-scoop-neck-sports-bra-white-ss22,Women,40.0,Bra
Adapt Animal Seamless Crop 1/2 Zip,Court Blue,31.5,45.0,https://us.shop.gymshark.com/products/gymshark-adapt-animal-seamless-crop-1-2-zip-court-blue-ss22,Women,30.0,Zip
Adapt Camo Seamless Long Sleeve Crop Top,Savanna | Griffin Green,31.5,45.0,https://us.shop.gymshark.com/products/gymshark-adapt-camo-seamless-long-sleeve-crop-top-savanna-griffin-green-ss22,Women,30.0,Top
Vital Seamless 2.0 Long Sleeve Crop Top,Tahoe Teal Marl,26.6,38.0,https://us.shop.gymshark.com/products/gymshark-vital-seamless-2-0-long-sleeve-crop-top-tahoe-teal-marl-ss22,Women,30.0,Top
GS10 Year Midi Top,White,46.0,,https://us.shop.gymshark.com/products/gymshark-gs10-year-midi-top-white-aw22,Women,,Top
Apex Seamless Leggings,Shark Blue/Atlantic Blue,64.0,,https://us.shop.gymshark.com/products/gymshark-apex-seamless-leggings-shark-blue-atlantic-blue-aw22,Women,,Leggings
315 Performance High Neck Sports Bra,Soul Brown/Cement Brown,54.0,,https://us.shop.gymshark.com/products/gymshark-315-performance-high-neck-sports-bra-soul-brown-cement-brown-aw22,Women,,Bra
Flex Shorts,Marsh Green Marl/ Core Olive,36.0,,https://us.shop.gymshark.com/products/gymshark-flex-shorts-marsh-green-marl-core-olive-aw22,Women,,Shorts
Fraction Sports Bra,Black/White,34.0,,https://us.shop.gymshark.com/products/gymshark-fraction-sports-bra-black-white-aw22,Women,,Bra
Training Cropped Sweater,Light Grey Core Marl,40.0,,https://us.shop.gymshark.com/products/gymshark-training-cropped-sweater-light-grey-core-marl-aw22,Accessory,,Other
Vital Seamless 2.0 Light Tank,Black Marl,30.0,,https://us.shop.gymshark.com/products/gymshark-vital-seamless-2-0-light-tank-black-marl-ss22,Women,,Tank
Vital Seamless 2.0 Crop Top,Chilli Red Marl,38.0,,https://us.shop.gymshark.com/products/gymshark-vital-seamless-2-0-crop-top-chilli-red-marl-aw22,Women,,Top
Seamless Low Neck Bralette,Black,20.0,,https://us.shop.gymshark.com/products/gymshark-seamless-low-neck-bralette-black-aw21,Women,,Bralette
Adapt Animal Seamless Cycling Shorts,Reef | Soft Lilac,48.0,,https://us.shop.gymshark.com/products/gymshark-adapt-animal-seamless-cycling-shorts-reef-soft-lilac-aw22,Women,,Shorts
Training Crop tank,White,20.0,,https://us.shop.gymshark.com/products/gymshark-training-crop-tank-white-aw22,Women,,Tank
Training Crop Tank,Apricot Orange,16.0,20.0,https://us.shop.gymshark.com/products/gymshark-training-crop-tank-apricot-orange-ss22,Women,20.0,Tank
Training Cycling Shorts,Navy,22.4,28.0,https://us.shop.gymshark.com/products/gymshark-training-cycling-shorts-navy-ss22,Women,20.000000000000004,Shorts
Training Long Sleeve Crop Top,White,26.0,,https://us.shop.gymshark.com/products/gymshark-training-long-sleeve-crop-top-white-aw22,Women,,Top
Minimal Sports Bra,Soul Brown,30.0,,https://us.shop.gymshark.com/products/gymshark-minimal-sports-bra-soul-brown-aw22,Women,,Bra
Training Oversized Hoodie,Firefly Green,36.8,46.0,https://us.shop.gymshark.com/products/gymshark-oversized-hoodie-firefly-green-ss22,Women,20.000000000000007,Hoodie
Training Cropped Sweater,Charred Blue,40.0,,https://us.shop.gymshark.com/products/gymshark-training-cropped-sweater-charred-blue-aw22,Accessory,,Other
Strike Sports Bra,Alpine Green/Navy,28.0,35.0,https://us.shop.gymshark.com/products/gymshark-strike-sports-bra-alpine-green-navy-ss22,Women,20.0,Bra
Training Oversized Hoodie,Cherry Brown,46.0,,https://us.shop.gymshark.com/products/gymshark-training-boyfriend-hoodie-cherry-brown-aw22,Women,,Hoodie
Apex Seamless Shrug,Onyx Grey/Black,40.0,,https://us.shop.gymshark.com/products/gymshark-apex-seamless-shrug-onyx-grey-black-aw22,Accessory,,Other
Vital Seamless 2.0 Shorts,Chilli Red Marl,40.0,,https://us.shop.gymshark.com/products/gymshark-vital-seamless-2-0-shorts-chilli-red-marl-aw22,Women,,Shorts
Scoop Neck Sports Bra,Obsidian Green,27.2,34.0,https://us.shop.gymshark.com/products/gymshark-scoop-neck-sports-bra-obsidian-green-ss22,Women,20.0,Bra
Training Jacket,Black,46.0,,https://us.shop.gymshark.com/products/gymshark-training-jacket-black-ss22,Women,,Jacket
Adapt Camo Seamless Shorts,Pebble Grey/Soul Brown,48.0,,https://us.shop.gymshark.com/products/gymshark-adapt-camo-seamless-shorts-pebble-grey-soul-brown-aw22,Women,,Shorts
Training Crop Tank,Iguana Green,20.0,,https://us.shop.gymshark.com/products/gymshark-training-crop-tank-iguana-green-aw22,Women,,Tank
Vital Seamless 2.0 Shorts,Digital Violet Marl,40.0,,https://us.shop.gymshark.com/products/gymshark-vital-seamless-2-0-shorts-digital-violet-marl-aw22,Women,,Shorts
Training Tight Shorts,Pepper Red,28.0,,https://us.shop.gymshark.com/products/gymshark-training-tight-shorts-pepper-red-aw22,Women,,Shorts
Seamless Boxers,Fawn Light Brown,18.0,,https://us.shop.gymshark.com/products/gymshark-seamless-boxers-fawn-light-brown-ss22,Accessory,,Other
Training Long Sleeve Top,Black,30.0,,https://us.shop.gymshark.com/products/gymshark-training-long-sleeve-top-black-ss22,Women,,Top
Sweat Seamless Long Sleeve Top,Black,46.0,,https://us.shop.gymshark.com/products/gymshark-sweat-seamless-long-sleeve-top-black-aw22,Women,,Top
Pause Seamless Cycling Shorts,Maya Blue,24.0,40.0,https://us.shop.gymshark.com/products/gymshark-pause-seamless-cycling-shorts-maya-blue-ss22,Women,40.0,Shorts
315 Long Sleeve Warmup Top,Cement Brown/Mercury Purple Marl,39.2,56.0,https://us.shop.gymshark.com/products/gymshark-315-long-sleeve-warmup-top-cement-brown-mercury-purple-marl-aw22,Women,29.999999999999993,Top
GS10 Year Midi Top,Baked Maroon,46.0,,https://us.shop.gymshark.com/products/gymshark-gs10-year-midi-top-baked-maroon-aw22,Women,,Top
Apex Seamless Sports Bra,Shark Blue/Atlantic Blue,50.0,,https://us.shop.gymshark.com/products/gymshark-apex-seamless-sports-bra-shark-blue-atlantic-blue-aw22,Women,,Bra
Training Cropped Sweater,Cement Brown,40.0,,https://us.shop.gymshark.com/products/gymshark-training-cropped-sweater-cement-brown-aw22,Accessory,,Other
Training Cropped Sweater,Kiwi Green,40.0,,https://us.shop.gymshark.com/products/gymshark-training-cropped-sweater-kiwi-green-aw22,Accessory,,Other
Seamless Scoop Neck Bralette,Fawn Light Brown,20.0,,https://us.shop.gymshark.com/products/gymshark-seamless-high-neck-bralette-fawn-light-brown-ss22,Women,,Bralette
Training Crop Tank,Coastal Blue,20.0,,https://us.shop.gymshark.com/products/gymshark-training-crop-tank-coastal-blue-aw22,Women,,Tank
Jersey Body Fit T-Shirt,Earthy Brown,36.0,,https://us.shop.gymshark.com/products/gymshark-jersey-body-fit-t-shirt-earthy-brown-ss23,Women,,T-shirt
Jersey Body Fit T-Shirt,Evening Blue,36.0,,https://us.shop.gymshark.com/products/gymshark-jersey-body-fit-t-shirt-evening-blue-ss23,Women,,T-shirt
Vital Seamless 2.0 Light Long Sleeve Top,Black Marl,40.0,,https://us.shop.gymshark.com/products/gymshark-vital-seamless-2-0-light-long-sleeve-top-black-marl-ss23,Women,,Top
Whitney Longline Bra,Black,46.0,,https://us.shop.gymshark.com/products/gymshark-whitney-longline-bra-black-ss23,Women,,Bra
Whitney Longline Bra,Cement Brown,46.0,,https://us.shop.gymshark.com/products/gymshark-whitney-longline-bra-cement-brown-ss23,Women,,Bra
Whitney Longline Bra,Canyon Red,46.0,,https://us.shop.gymshark.com/products/gymshark-whitney-longline-bra-canyon-red-ss23,Women,,Bra
Whitney Eyelash Knit Shorts,Cement Brown,46.0,,https://us.shop.gymshark.com/products/gymshark-whitney-eyelash-knit-shorts-cement-brown-ss23,Women,,Shorts
Whitney Eyelash Knit Shorts,Canyon Red,46.0,,https://us.shop.gymshark.com/products/gymshark-whitney-eyelash-knit-shorts-canyon-red-ss23,Women,,Shorts
Warp Knit Leggings,Black,80.0,,https://us.shop.gymshark.com/products/gymshark-warp-knit-leggings-black-aw22,Women,,Leggings
Essential Racer Back Sports Bra,Light Green,14.0,35.0,https://us.shop.gymshark.com/products/gymshark-essential-racerback-training-sports-bra-light-green,Women,60.0,Bra
Fit Seamless Cycling Shorts,Black,12.0,30.0,https://us.shop.gymshark.com/products/gymshark-fit-seamless-cycling-shorts-black,Women,60.0,Shorts
Flex Strappy Sports Bra,Charcoal Grey Marl,18.0,36.0,https://us.shop.gymshark.com/products/gymshark-flex-strappy-sports-bra-charcoal-grey-marl-aw21,Women,50.0,Bra
Adapt Camo Seamless Leggings,Savanna | Black,36.0,60.0,https://us.shop.gymshark.com/products/gymshark-adapt-camo-seamless-leggings-savanna-black-aw21,Women,40.0,Leggings
Training Oversized T-Shirt,Black,30.0,,https://us.shop.gymshark.com/products/gymshark-training-oversized-t-shirt-black-logo,Women,,T-shirt
Adapt Marl Seamless Sports Bra,Black/Smokey Grey,23.0,46.0,https://us.shop.gymshark.com/products/gymshark-adapt-marl-seamless-sports-bra-black-smokey-grey-aw22,Women,50.0,Bra
Flex Cycling Shorts,Black,24.0,40.0,https://us.shop.gymshark.com/products/gymshark-flex-cycling-shorts-black-aw21,Women,40.0,Shorts
Adapt Camo Seamless Shorts,Savanna | Black,27.0,45.0,https://us.shop.gymshark.com/products/gymshark-adapt-camo-seamless-shorts-savanna-black-aw21,Women,40.0,Shorts
Legacy Crop Top,Turbo Blue,18.0,30.0,https://us.shop.gymshark.com/products/gymshark-legacy-crop-top-turbo-blue-ss22,Women,40.0,Top
Flex High Waisted Leggings,Studio Green Marl,30.0,50.0,https://us.shop.gymshark.com/products/gymshark-flex-high-waisted-leggings-studio-green-marl-aw21,Women,40.0,Leggings
Flex Strappy Sports Bra,Black,28.8,36.0,https://us.shop.gymshark.com/products/gymshark-flex-strappy-sports-bra-black-aw22,Women,20.0,Bra
Wtflex Cyborg Seamless Cycling Shorts,Maya Blue/Hibiscus Pink/Turbo Blue,24.0,40.0,https://us.shop.gymshark.com/products/gymshark-wtflex-cyborg-seamless-cycling-shorts-maya-blue-hibiscus-pink-turbo-blue-ss22,Women,40.0,Shorts
Legacy Crop Top,Cucumber Green,18.0,30.0,https://us.shop.gymshark.com/products/gymshark-legacy-crop-top-cucumber-green-ss22,Women,40.0,Top
Training Brandmark Leggings,Black,38.4,48.0,https://us.shop.gymshark.com/products/gymshark-training-brandmark-leggings-black-aw22,Women,20.000000000000004,Leggings
Seamless Boxers,Black,18.0,,https://us.shop.gymshark.com/products/gymshark-seamless-boxers-black-ss22,Accessory,,Other
Vital Seamless 2.0 Shorts,Charcoal Marl,24.0,40.0,https://us.shop.gymshark.com/products/gymshark-vital-seamless-shorts-charcoal-marl,Women,40.0,Shorts
Adapt Ombre Seamless Leggings,Triangle |  Penny Brown Print,30.0,60.0,https://us.shop.gymshark.com/products/gymshark-adapt-ombre-seamless-leggings-triangle-penny-brown-print-ss22,Women,50.0,Leggings
Rest Day Sweats Hoodie,Crocodile Green Marl,60.0,,https://us.shop.gymshark.com/products/gymshark-rest-day-sweats-hoodie-crocodile-green-marl-aw22,Women,,Hoodie
Adapt Camo Seamless Sports Bra,Savanna | Cherry Brown,22.5,45.0,https://us.shop.gymshark.com/products/gymshark-adapt-camo-seamless-sports-bra-savanna-cherry-brown-ss22,Women,50.0,Bra
Training Loose Fit Shorts,Court Blue,19.6,28.0,https://us.shop.gymshark.com/products/gymshark-training-loose-fit-shorts-court-blue-ss22,Women,29.999999999999993,Shorts
Rest Day Sweats Joggers,Crocodile Green Marl,56.0,,https://us.shop.gymshark.com/products/gymshark-rest-day-sweats-joggers-crocodile-green-marl-aw22,Women,,Joggers
GS Power Open Back Cropped Tank,Black,24.5,35.0,https://us.shop.gymshark.com/products/gs-power-open-back-cropped-tank-black-ss22,Women,30.0,Tank
Flex Strappy Sports Bra,Glitch Yellow Marl,18.0,36.0,https://us.shop.gymshark.com/products/gymshark-flex-strappy-sports-bra-glitch-yellow-marl-aw21,Women,50.0,Bra
Legacy Crop Top,Black,24.0,30.0,https://us.shop.gymshark.com/products/gymshark-legacy-crop-top-black-ss22,Women,20.0,Top
GS Power High Rise Shorts,Bright Turquoise Print,27.6,46.0,https://us.shop.gymshark.com/products/gs-power-high-rise-shorts-bright-turquoise-print-ss22,Women,40.0,Shorts
Training 7/8 Leggings,Charcoal Grey,15.2,38.0,https://us.shop.gymshark.com/products/gymshark-training-7-8-leggings-charcoal-grey-ss22,Women,60.0,Leggings
Adapt Camo Seamless Shorts,Savanna | Cherry Brown,27.0,45.0,https://us.shop.gymshark.com/products/gymshark-adapt-camo-seamless-shorts-savanna-cherry-brown-ss22,Women,40.0,Shorts
Training Loose Fit Shorts,Green Print,19.6,28.0,https://us.shop.gymshark.com/products/gymshark-training-loose-fit-shorts-green-print-ss22,Women,29.999999999999993,Shorts
Adapt Ombre Seamless Sports Bra,Triangle | Taupe Grey Print,31.5,45.0,https://us.shop.gymshark.com/products/gymshark-adapt-ombre-seamless-sports-bra-triangle-taupe-grey-print-ss22,Women,30.0,Bra
Vital Seamless 2.0 Leggings,Woodland Green Marl,54.0,,https://us.shop.gymshark.com/products/gymshark-vital-seamless-2-0-leggings-woodland-green-marl-aw22,Women,,Leggings
Ruched Sports Bra,Winter Teal,30.0,,https://us.shop.gymshark.com/products/gymshark-ruched-sports-bra-winter-teal-aw22,Women,,Bra
Minimal Sports Bra,Core Olive,15.0,30.0,https://us.shop.gymshark.com/products/gymshark-minimal-sports-bra-core-olive-ss22,Women,50.0,Bra
Minimal Sports Bra,Apricot Orange,15.0,30.0,https://us.shop.gymshark.com/products/gymshark-minimal-sports-bra-apricot-orange-ss22,Women,50.0,Bra
Wtflex Linear Seamless Sports Bra, Charcoal Grey/Fluo Green/Light Grey,22.5,45.0,https://us.shop.gymshark.com/products/gymshark-wtflex-linear-seamless-sports-bra-charcoal-grey-fluo-green-light-grey-ss22,Women,50.0,Bra
Flex Strappy Sports Bra,Earl Blue Marl,18.0,36.0,https://us.shop.gymshark.com/products/gymshark-flex-strappy-sports-bra-earl-blue-marl-aw21,Women,50.0,Bra
Vital Seamless 2.0 Light Tank,Apricot Orange Marl,21.0,30.0,https://us.shop.gymshark.com/products/gymshark-vital-seamless-2-0-light-tank-apricot-orange-marl-ss22,Women,30.0,Tank
Pause Cami Tank,Maya Blue,15.0,30.0,https://us.shop.gymshark.com/products/gymshark-pause-cami-tank-maya-blue-ss22,Women,50.0,Tank
Adapt Fleck Seamless Sports Bra,Mineral | Paige Pink,22.5,45.0,https://us.shop.gymshark.com/products/gymshark-adapt-fleck-seamless-sports-bra-mineral-paige-pink-ss22,Women,50.0,Bra
Minimal Sports Bra,Light Grey,30.0,,https://us.shop.gymshark.com/products/gymshark-minimal-sports-bra-light-grey-aw22,Women,,Bra
Minimal Sports Bra,Vanilla Brown,15.0,30.0,https://us.shop.gymshark.com/products/gymshark-minimal-sports-bra-vanilla-brown-ss22,Women,50.0,Bra
Legacy Shorts,White,24.5,35.0,https://us.shop.gymshark.com/products/gymshark-legacy-shorts-white-ss22,Women,30.0,Shorts
Bandeau Sports Bra,Court Blue,24.0,30.0,https://us.shop.gymshark.com/products/gymshark-bandeau-sports-bra-court-blue-ss22,Women,20.0,Bra
Adapt Animal Seamless Leggings,Black,36.0,60.0,https://us.shop.gymshark.com/products/gymshark-adapt-animal-seamless-leggings-black-ss22,Women,40.0,Leggings
Lightweight High Support Sports Bra,Yellow,14.0,35.0,https://us.shop.gymshark.com/products/gymshark-lightweight-high-support-training-sports-bra-yellow,Women,60.0,Bra
Bandeau Sports Bra,Dragon Pink,15.0,30.0,https://us.shop.gymshark.com/products/gymshark-bandeau-sports-bra-dragon-pink-ss22,Women,50.0,Bra
315 Performance High Neck Sports Bra,Black/Graphite Grey,54.0,,https://us.shop.gymshark.com/products/gymshark-315-performance-high-neck-sports-bra-black-graphite-grey,Women,,Bra
Essential Racer Back Sports Bra,White,20.4,34.0,https://us.shop.gymshark.com/products/gymshark-essential-racer-back-sports-bra-white-ss22,Women,40.0,Bra
Training Shorts,Charcoal Grey,22.4,28.0,https://us.shop.gymshark.com/products/gymshark-training-shorts-charcoal-grey-ss22,Women,20.000000000000004,Shorts
Training Brandmark Sports Bra,Black,40.0,,https://us.shop.gymshark.com/products/gymshark-training-brandmark-sports-bra-black-aw22,Women,,Bra
Training Oversized Tank,Dragon Pink,20.0,25.0,https://us.shop.gymshark.com/products/gymshark-training-oversized-tank-dragon-pink-ss22,Women,20.0,Tank
Training 7/8 Leggings,Teal,12.0,30.0,https://us.shop.gymshark.com/products/gymshark-training-7-8-leggings-niagara-teal,Women,60.0,Leggings
GS Power High Rise Leggings,Cherry Brown Print,33.6,56.0,https://us.shop.gymshark.com/products/gs-power-high-rise-leggings-cherry-brown-print-ss22,Women,40.0,Leggings
Speed Sports Bra,Black,35.0,50.0,https://us.shop.gymshark.com/products/gymshark-speed-sports-bra-black-ss22,Women,30.0,Bra
Training Oversized Top,White,24.0,30.0,https://us.shop.gymshark.com/products/gymshark-training-oversized-top-white-ss22,Women,20.0,Top
V Neck Sports Bra,Kiwi Green,34.0,,https://us.shop.gymshark.com/products/gymshark-v-neck-sports-bra-kiwi-green-aw22,Women,,Bra
Training Oversized T-shirt,Rosewood Red,30.0,,https://us.shop.gymshark.com/products/gymshark-training-oversized-t-shirt-rosewood-red-aw22,Women,,T-shirt
Studio T-Shirt,Black,28.0,40.0,https://us.shop.gymshark.com/products/gymshark-studio-t-shirt-black-aw21-1,Women,30.0,T-shirt
Training Drop Arm Tank,White,20.0,,https://us.shop.gymshark.com/products/gymshark-training-drop-arm-tank-white-aw22,Women,,Tank
Legacy Bandeau Bra,White,22.8,38.0,https://us.shop.gymshark.com/products/gymshark-legacy-bandeau-bra-white-ss22,Women,40.0,Bra
Scoop Neck Sports Bra,Dragon Pink,27.2,34.0,https://us.shop.gymshark.com/products/gymshark-scoop-neck-sports-bra-dragon-pink-ss22,Women,20.0,Bra
GS Power Long Sleeve T-Shirt,Black,46.0,,https://us.shop.gymshark.com/products/gs-power-long-sleeve-t-shirt-black-aw22,Women,,T-shirt
Lightweight High Support Sports Bra,Dark Blue,14.0,35.0,https://us.shop.gymshark.com/products/gymshark-lightweight-high-support-training-sports-bra-dark-blue,Women,60.0,Bra
Training T-Shirt,Black,26.0,,https://us.shop.gymshark.com/products/gymshark-training-t-shirt-black-ss22,Women,,T-shirt
Strike Sports Bra,Dragon Pink/Horizon Orange,17.5,35.0,https://us.shop.gymshark.com/products/gymshark-strike-sports-bra-dragon-pink-horizon-orange-ss22,Women,50.0,Bra
Training Joggers,Paige Pink,25.2,36.0,https://us.shop.gymshark.com/products/gymshark-training-joggers-paige-pink-ss22,Women,30.000000000000004,Joggers
Fraction Crop Top,Dragon Pink,20.8,26.0,https://us.shop.gymshark.com/products/gymshark-fraction-crop-top-dragon-pink-ss22,Women,20.0,Top
Legacy Bandeau Bra,Black,22.8,38.0,https://us.shop.gymshark.com/products/gymshark-legacy-bandeau-bra-black-ss22,Women,40.0,Bra
Adapt Animal Seamless Crop 1/2 Zip,Black,31.5,45.0,https://us.shop.gymshark.com/products/gymshark-adapt-animal-seamless-crop-1-2-zip-black-ss22,Women,30.0,Zip
Fraction Leggings,Winter Teal,30.4,38.0,https://us.shop.gymshark.com/products/gymshark-fraction-leggings-winter-teal-aw22,Women,20.000000000000004,Leggings
Fraction Oversized T-Shirt,Coastal Blue,30.0,,https://us.shop.gymshark.com/products/gymshark-fraction-oversized-t-shirt-coastal-blue-aw22,Women,,T-shirt
Training Oversized Hoodie,Black,46.0,,https://us.shop.gymshark.com/products/gymshark-oversized-hoodie-black-ss22,Women,,Hoodie
Vital Seamless 2.0 Long Sleeve Crop Top,Smokey Grey Marl,22.8,38.0,https://us.shop.gymshark.com/products/gymshark-vital-seamless-long-sleeve-crop-top-smokey-grey-marl-logo,Women,40.0,Top
GS10 Year Midi Top,Black,46.0,,https://us.shop.gymshark.com/products/gymshark-gs10-year-midi-top-black-aw22,Women,,Top
Training Tight Shorts,Neptune Purple,28.0,,https://us.shop.gymshark.com/products/gymshark-training-tight-shorts-neptune-purple-aw22,Women,,Shorts
Training Zip Hoodie,Magenta Pink,46.0,,https://us.shop.gymshark.com/products/gymshark-training-zip-hoodie-magenta-pink-aw22,Women,,Hoodie
Vital Seamless 2.0 Crop Top,Pearl Blue Marl,38.0,,https://us.shop.gymshark.com/products/gymshark-vital-seamless-2-0-crop-top-pearl-blue-marl-aw22,Women,,Top
Rest Day Sweats Joggers,White Marl,56.0,,https://us.shop.gymshark.com/products/gymshark-rest-day-sweats-joggers-light-grey-marl-aw21,Women,,Joggers
Open Back Sports Bra,Cucumber Green,24.0,40.0,https://us.shop.gymshark.com/products/gymshark-open-back-sports-bra-cucumber-green-ss22,Women,40.0,Bra
Training Oversized Hoodie,Neptune Purple,46.0,,https://us.shop.gymshark.com/products/gymshark-training-boyfriend-hoodie-neptune-purple-aw22,Women,,Hoodie
Adapt Animal Seamless Sports Bra,Court Blue,31.5,45.0,https://us.shop.gymshark.com/products/gymshark-adapt-animal-seamless-sports-bra-court-blue-ss22,Women,30.0,Bra
Minimal Sports Bra,Pepper Red,30.0,,https://us.shop.gymshark.com/products/gymshark-minimal-sports-bra-pepper-red-aw22,Women,,Bra
Seamless Thong,White,12.0,,https://us.shop.gymshark.com/products/gymshark-seamless-low-rise-thong-white-aw21,Accessory,,Other
Legacy Bandeau Bra,Rich Purple,22.8,38.0,https://us.shop.gymshark.com/products/gymshark-legacy-bandeau-bra-rich-purple-ss22,Women,40.0,Bra
V Neck Sports Bra,Papaya Orange,17.0,34.0,https://us.shop.gymshark.com/products/gymshark-v-neck-sports-bra-papaya-orange-ss22,Women,50.0,Bra
Training Sweat Shorts,Light Grey Marl,19.6,28.0,https://us.shop.gymshark.com/products/gymshark-training-sweat-shorts-light-grey-marl-ss22,Women,29.999999999999993,Shorts
Minimal Sports Bra,Coastal Blue,30.0,,https://us.shop.gymshark.com/products/gymshark-minimal-sports-bra-coastal-blue-aw22,Women,,Bra
V Neck Sports Bra,Core Olive,17.0,34.0,https://us.shop.gymshark.com/products/gymshark-v-neck-sports-bra-core-olive-ss22,Women,50.0,Bra
Training Long Sleeve Crop Top,Hoya Green,26.0,,https://us.shop.gymshark.com/products/gymshark-training-long-sleeve-crop-top-hoya-green-aw22,Women,,Top
Vital Seamless 2.0 Leggings,Cherry Brown Marl,54.0,,https://us.shop.gymshark.com/products/gymshark-vital-seamless-2-0-leggings-cherry-brown-marl-aw22,Women,,Leggings
Vital Seamless 2.0 T-Shirt,Black,15.0,30.0,https://us.shop.gymshark.com/products/gymshark-vital-seamless-t-shirt-black-white-logo,Women,50.0,T-shirt
Training Leggings,Paige Pink,26.6,38.0,https://us.shop.gymshark.com/products/gymshark-training-leggings-paige-pink-ss22,Women,30.0,Leggings
Training Oversized Hoodie,Griffin Green,36.8,46.0,https://us.shop.gymshark.com/products/gymshark-oversized-hoodie-griffin-green-ss22,Women,20.000000000000007,Hoodie
Training Loose Fit Shorts,Pink Print,19.6,28.0,https://us.shop.gymshark.com/products/gymshark-training-loose-fit-shorts-pink-print-ss22,Women,29.999999999999993,Shorts
Vital Seamless 2.0 Shorts,Apricot Orange Marl,24.0,40.0,https://us.shop.gymshark.com/products/gymshark-vital-seamless-2-0-shorts-apricot-orange-marl-ss22,Women,40.0,Shorts
Ruched Sports Bra,Soft Lilac,30.0,,https://us.shop.gymshark.com/products/gymshark-ruched-sports-bra-soft-lilac-aw22,Women,,Bra
Seamless Low Neck Bralette,White,20.0,,https://us.shop.gymshark.com/products/gymshark-seamless-low-neck-bralette-white-aw21,Women,,Bralette
Energy Seamless Crop Top,Biscotti Brown,17.5,35.0,https://us.shop.gymshark.com/products/gymshark-energy-seamless-crop-top-biscotti-brown-aw21,Women,50.0,Top
Energy Seamless Sports Bra,Glitch Yellow,17.5,35.0,https://us.shop.gymshark.com/products/gymshark-energy-seamless-sports-bra-glitch-yellow-aw21,Women,50.0,Bra
Training Pippa Joggers,White,21.0,30.0,https://us.shop.gymshark.com/products/gymshark-training-pippa-joggers-white-ss22,Women,30.0,Joggers
Fraction Hoodie,Winter Teal,46.0,,https://us.shop.gymshark.com/products/gymshark-fraction-hoodie-winter-teal-aw22,Women,,Hoodie
Lightweight High Support Sports Bra,Core Olive,24.0,40.0,https://us.shop.gymshark.com/products/gymshark-lightweight-high-support-sports-bra-core-olive-ss22,Women,40.0,Bra
Vital Seamless 2.0 T-Shirt,Smokey Grey Marl,18.0,30.0,https://us.shop.gymshark.com/products/gymshark-vital-seamless-t-shirt-smokey-grey-marl-logo,Women,40.0,T-shirt
Training Shorts,Navy,19.6,28.0,https://us.shop.gymshark.com/products/gymshark-training-shorts-navy-ss22,Women,29.999999999999993,Shorts
Training Long Sleeve Crop Top,Court Blue,20.8,26.0,https://us.shop.gymshark.com/products/gymshark-training-long-sleeve-crop-top-court-blue-ss22,Women,20.0,Top
Seamless Scoop Neck Bralette,Black,20.0,,https://us.shop.gymshark.com/products/gymshark-seamless-high-neck-bralette-black-aw21,Accessory,,Other
Sharkhead Cross Body,Sweet Pink,26.0,,https://us.shop.gymshark.com/products/gymshark-sharkhead-cross-body-sweet-pink-aw22,Accessory,,Other
Logo Trucker Cap,Black,30.0,,https://us.shop.gymshark.com/products/gymshark-logo-trucker-cap-black-aw22,Accessory,,Other
Crew Socks 3pk,White/Pink/Red,16.0,,https://us.shop.gymshark.com/products/gymshark-crew-socks-3pk-white-pink-red-ss23,Accessory,,Other
Everyday Keychain,Scandi Pink,14.0,,https://us.shop.gymshark.com/products/gymshark-everyday-keychain-scandi-pink-ss23,Accessory,,Other
33oz Water Bottle,Misty Pink/Hazy Pink,14.0,,https://us.shop.gymshark.com/products/gymshark-1l-water-bottle-misty-pink-hazy-pink-ss23,Accessory,,Other
Everyday Tote,Cement Brown,36.0,,https://us.shop.gymshark.com/products/gymshark-everyday-tote-cement-brown-ss23,Accessory,,Other
Everyday Tote,Black,36.0,,https://us.shop.gymshark.com/products/gymshark-everyday-tote-black,Accessory,,Other
Noah Ohlsen Bucket Hat,Black/Pink,35.0,,https://us.shop.gymshark.com/products/gymshark-noah-ohlsen-bucket-hat-black-pink-ss23,Accessory,,Other
Silicone Lifting Straps,Magenta Pink,16.0,,https://us.shop.gymshark.com/products/gymshark-silicone-lifting-straps-magenta-pink-aw22,Accessory,,Other
